CHR	SNP	BP	P
9	rs28701981	98217581	0.00401968
9	rs2236406	98221861	0.00345485
9	rs3824487	98222651	0.918039
9	rs17368876	98222665	0.433422
9	rs28377268	98225056	0.00154527
9	rs28571635	98225658	0.480896
9	rs16905572	98225683	0.79639
9	rs867452	98226066	0.00493701
9	rs28493225	98226307	0.00232378
9	rs28494679	98226395	0.00490728
9	rs28535536	98226702	0.00476689
9	rs59015093	98227415	0.00460307
9	rs16909892	98227810	0.00479313
9	rs28394554	98228225	0.40231
9	rs2274693	98229297	0.373598
9	rs28711421	98230907	0.00207847
9	rs16909898	98231008	0.0024457
9	rs28702657	98231908	0.356816
9	rs56149656	98232754	0.00458551
9	rs28495472	98234097	0.0048484
9	rs28442014	98234563	0.39056
9	rs62558340	98234903	0.389831
9	rs28706464	98235310	0.00479502
9	rs28733891	98235859	0.00461462
9	rs28535421	98235885	0.00461679
9	rs16909902	98236202	0.00191968
9	rs16909904	98236865	0.00254886
9	rs2236407	98237796	0.00570667
9	rs2066836	98238358	0.100757
9	rs1805155	98238379	0.00339159
9	rs2277184	98239147	0.733497
9	rs3780573	98239503	0.00176304
9	rs28448271	98239730	0.00150104
9	rs2297086	98240120	0.00482219
9	rs2274694	98242112	0.432466
9	rs2297087	98242925	0.430718
9	rs2297088	98242984	0.0051527
9	rs28520225	98243187	0.00346456
9	rs28446116	98243385	0.00349819
9	rs28372566	98244978	0.0031594
9	rs28488553	98245855	0.423913
9	rs17369383	98245974	0.429794
9	rs28474857	98247204	0.00121477
9	rs28673156	98247790	0.00121186
9	rs2282040	98248328	0.00122712
9	rs2282041	98248387	0.00289207
9	rs2282042	98248635	0.00458081
9	rs28504341	98249963	0.448079
9	rs28411363	98252313	0.355024
9	rs28557305	98252847	0.00396523
9	rs57305472	98252950	0.984166
9	rs28418339	98253476	0.00108261
9	rs28831479	98254526	0.365706
9	rs28735184	98255438	0.706955
9	rs10512249	98256309	0.000983322
9	rs28633576	98257305	0.408094
9	rs28504650	98257842	0.00332498
9	rs10512248	98259703	0.000804189
9	rs28457763	98260514	0.000661814
9	rs60417486	98262178	0.000468001
9	rs60150206	98262223	0.000476019
9	rs28468571	98262735	0.11745
9	rs28629854	98262833	0.000487177
9	rs28427480	98264942	0.000466215
9	rs16909919	98265780	0.000356776
9	rs16909922	98265901	0.000435677
9	rs4448343	98266370	0.00036541
9	rs28620668	98267746	0.000526598
9	rs1355620	98270168	0.000511554
9	rs1355619	98270171	0.000514362
9	rs3758301	98272464	0.165354
9	rs145965565	98273305	0.000477118
9	rs28412122	98273791	0.105933
9	rs75614054	98275789	0.000449998
9	rs28410513	98276371	0.114025
9	rs28536201	98276753	0.000536401
9	rs113154802	98278413	0.000224294
9	rs28591501	98278644	0.000776911
9	rs28705285	98279801	0.314523
9	rs56119276	98280656	0.00373165
9	rs28469297	98280788	0.000710897
9	rs28393820	98281825	0.0145036
9	rs57560832	98281901	0.835875
9	rs80317870	98282354	0.000598129
9	rs78843682	98282414	0.000596697
9	rs76062908	98282528	0.000614757
9	rs61076166	98282846	0.00116551
9	rs118043221	98282861	0.0701676
9	rs28716262	98282893	0.933298
9	rs28536742	98283093	0.0176193
9	rs28520360	98283580	0.00185121
9	rs28372466	98283701	0.00166195
9	rs16909923	98283990	0.0017569
9	rs16909927	98284175	0.00173746
9	rs16909930	98284358	0.00174013
9	rs28384095	98284665	0.00715551
9	rs28698544	98284747	0.00177037
9	rs28682502	98284999	0.00176631
9	rs57594450	98285920	0.00177326
9	rs57793730	98286036	0.00220099
9	rs28434654	98286478	0.601553
9	rs35550423	98288788	0.855303
9	rs3858092	98291448	0.658252
9	rs28689133	98293565	0.633837
9	rs28637199	98294448	0.669968
9	rs3847316	98295015	0.671137
9	rs28361526	98295863	0.00877872
9	rs73529854	98295917	0.517876
9	rs16909964	98296718	0.00314569
9	rs16909967	98296926	0.003386
9	rs74607569	98297123	0.00315571
9	rs111336625	98297187	0.00339686
9	rs113851275	98297220	0.00339731
9	rs78007483	98297522	0.00339836
9	rs28778940	98298352	0.0120328
9	rs62561361	98298572	0.653186
9	rs73529860	98299300	0.00793971
9	rs28489106	98299471	0.00773231
9	rs28535514	98300739	0.0208228
9	rs2897050	98302535	0.581826
9	rs16909970	98302916	0.020632
9	rs61660304	98304640	0.00566036
9	rs60529258	98305508	0.0046
9	rs16909974	98306920	0.0350197
9	rs16909975	98307129	0.00621445
9	rs78414776	98309511	0.557908
9	rs73654567	98309513	0.00519364
9	rs2405373	98312126	0.0863265
9	rs76709848	98313349	0.0171159
9	rs28455201	98314203	0.0689447
9	rs34608134	98314372	0.0484363
9	rs144074337	98315458	0.0922898
9	rs663736	98316375	0.808992
9	rs677778	98317256	0.327378
9	rs558448	98317474	0.747027
9	rs681396	98318052	0.735364
9	rs1329393	98318926	0.142873
9	rs576594	98319211	0.670125
9	rs41442648	98319474	0.674805
9	rs17370391	98319969	0.150711
9	rs10733566	110879211	5.01356e-15
9	rs837983	110881453	1.01781e-57
9	rs10979219	110881731	4.87055e-21
9	rs667052	110882390	7.46962e-26
9	rs35477844	110882528	0.000213229
9	rs680138	110882980	2.66044e-58
9	rs72745941	110883426	0.361539
9	rs12376798	110883675	9.26206e-20
9	rs62569852	110884810	7.82679e-05
9	rs630965	110885479	1.95403e-59
9	rs631475	110885650	3.28551e-59
9	rs497006	110885781	1.07044e-58
9	rs520613	110886052	2.06198e-58
9	rs522463	110886254	1.13464e-58
9	rs525142	110886534	1.68591e-58
9	rs62569853	110886727	8.0279e-06
9	rs527071	110886745	1.33691e-58
9	rs548980	110886840	7.39649e-59
9	rs1025571	110887048	1.38506e-11
9	rs648354	110887106	1.75999e-58
9	rs1025572	110887234	8.07947e-05
9	rs1025573	110887338	9.45445e-06
9	rs7870891	110887618	7.86314e-05
9	rs580018	110887934	0.0323353
9	rs471467	110888113	2.58241e-58
9	rs472483	110888260	5.56937e-58
9	rs865686	110888478	2.9623e-58
9	rs857610	110888809	3.95493e-58
9	rs10979222	110889255	1.99493e-20
9	rs514692	110890210	0.00120719
9	rs62567086	110890467	4.15541e-11
9	rs7026944	110891253	5.71875e-21
9	rs7870781	110891494	9.97313e-31
9	rs7862747	110892899	1.29108e-58
9	rs628931	110893030	1.39698e-57
9	rs10979227	110893829	7.65901e-20
9	rs659713	110893949	4.11182e-58
9	rs34137313	110893956	8.7574e-20
9	rs7047840	110894289	2.12209e-19
9	rs7048206	110894366	1.1301e-19
9	rs7033853	110894500	1.12289e-19
9	rs10979229	110895080	5.5415e-20
9	rs484167	110895137	0.000983179
9	rs676256	110895353	4.75276e-58
9	rs10979230	110895509	8.71377e-20
9	rs487887	110895527	0.000295244
9	rs10979231	110895634	9.79306e-20
9	rs10979232	110895681	1.05759e-19
9	rs3119744	110895863	1.42127e-57
9	rs34006249	110895868	1.04278e-19
9	rs1434838	110896141	1.45619e-19
9	rs1434839	110896230	1.65367e-19
9	rs583201	110896334	3.16424e-15
9	rs516327	110896340	0.000193425
9	rs10979234	110896675	1.28903e-19
9	rs520093	110896775	2.99137e-15
9	rs595811	110896828	3.45103e-15
9	rs10114582	110897072	0.00117185
9	rs2053148	110898048	9.54745e-20
9	rs2117466	110898052	1.46884e-19
9	rs10979236	110898716	2.66935e-19
9	rs1836458	110898887	0.000253078
9	rs10979237	110898964	2.11429e-19
9	rs12379956	110899161	2.25662e-19
9	rs62567104	110899182	0.00127832
9	rs12379962	110899191	1.94954e-19
9	rs627610	110899291	0.00183361
9	rs10979238	110899409	2.00322e-19
9	rs1434840	110899937	1.45575e-19
9	rs641002	110900018	6.74041e-52
9	rs1434841	110900034	1.26275e-19
9	rs1434842	110900060	1.20478e-19
9	rs1836459	110900115	7.52021e-20
9	rs35338365	110900335	1.02216e-19
9	rs10979242	110900392	7.11264e-20
9	rs10979243	110900418	1.03652e-19
9	rs10979245	110900744	9.72478e-20
9	rs7863999	110901598	0.000204874
9	rs575270	110902100	3.19218e-52
9	rs10979247	110903322	2.01056e-19
9	rs12380087	110903380	3.21107e-19
9	rs7853556	110903440	0.00210251
9	rs80180910	110904178	1.08103e-19
9	rs10979248	110904528	8.12043e-20
9	rs559603	110904737	5.48017e-50
9	rs567032	110905570	1.04703e-12
9	rs567960	110905663	5.87765e-06
9	rs637397	110905812	1.93244e-50
9	rs75238141	110905925	2.26402e-07
9	rs59244432	110906257	1.54039e-07
9	rs651808	110906666	1.56164e-05
9	rs651829	110906677	1.25209e-48
9	rs10816634	110907407	7.48233e-20
9	rs665556	110907467	1.88518e-05
9	rs10979249	110907520	3.04594e-20
9	rs668233	110908068	7.93237e-05
9	rs527843	110908096	2.51334e-05
9	rs10979251	110909319	1.11531e-18
9	rs10816635	110910044	1.84293e-18
9	rs539270	110910792	2.88819e-05
9	rs10512365	110911118	9.00149e-19
9	rs542808	110911155	0.00287094
9	rs28496063	110911169	1.07388e-18
9	rs28550561	110911197	2.88729e-29
9	rs10512364	110911316	6.31644e-19
9	rs6477619	110911349	0.00920766
9	rs566510	110911435	3.95042e-47
9	rs34223168	110913410	9.81662e-19
9	rs677872	110914540	1.26284e-46
9	rs680560	110915108	0.000205407
9	rs681015	110915234	0.000174706
9	rs681887	110915381	1.29862e-46
9	rs586559	110915881	5.74967e-46
9	rs614851	110917627	0.000127717
9	rs10816636	110918637	5.27073e-19
9	rs7850979	110920305	7.42966e-31
9	rs7866211	110920309	1.16718e-30
9	rs1434843	110920807	1.96552e-19
9	rs10119131	110921715	5.39721e-19
9	rs676083	110922092	9.77528e-44
9	rs10512363	110922828	9.46691e-18
9	rs4542003	110923018	2.80494e-09
9	rs525803	110923883	9.67199e-45
9	rs79206850	110924215	1.47689e-08
9	rs837993	110924767	1.03636e-44
9	rs500708	110925107	5.46855e-45
9	rs78369149	110925370	2.18779e-09
9	rs630611	110925407	1.67196e-49
9	rs563471	110925919	0.000224758
9	rs7025924	110926491	2.79546e-18
9	rs837994	110926669	1.69928e-48
9	rs76924456	110927082	1.45453e-09
9	rs13290910	110927519	1.25281e-17
9	rs510082	110927520	1.08797e-44
9	rs511142	110927695	6.15825e-45
9	rs671616	110927730	0.000205561
9	rs671618	110927732	0.000209831
9	rs687992	110929030	0.000206374
9	rs7038715	110929199	3.58692e-28
9	rs7027772	110929605	1.02194e-28
9	rs7046588	110930651	7.46002e-09
9	rs7020203	110931715	1.42725e-17
9	rs527246	110932294	2.55988e-44
9	rs626290	110932412	0.000415072
9	rs1816490	110934146	5.3776e-43
9	rs683584	110934651	4.75048e-43
9	rs559068	110935147	2.15824e-42
9	rs590882	110935706	0.000307807
9	rs509311	110937131	0.000460545
9	rs511994	110937417	0.000889465
9	rs10816637	110937650	0.000487003
9	rs12379233	110938049	4.57119e-27
9	rs12376543	110938107	4.17662e-16
9	rs12377951	110938232	4.11365e-16
9	rs12376560	110938366	9.43119e-27
9	rs10979261	110939138	2.50307e-16
9	rs1434846	110939308	3.58055e-27
9	rs637635	110939597	5.01243e-43
9	rs638993	110939872	3.42514e-43
9	rs503238	110940013	6.20844e-05
10	rs7067958	80832381	0.00146627
10	rs7086247	80832464	0.0015795
10	rs35439188	80833380	0.00132824
10	rs12263636	80833662	2.37784e-12
10	rs4980021	80834562	3.26671e-24
10	rs4980022	80834685	8.95942e-22
10	rs7082178	80834958	0.167121
10	rs12221177	80835676	0.122847
10	rs10824713	80835868	2.41762e-25
10	rs12412705	80835998	0.143048
10	rs16936800	80836089	0.0936264
10	rs6480918	80836349	9.52475e-25
10	rs1658329	80836590	1.68163e-31
10	rs7091873	80837325	0.103801
10	rs7920460	80838651	0.000157177
10	rs10762842	80838868	2.98094e-24
10	rs4980024	80839269	5.1082e-07
10	rs704011	80840210	2.27077e-12
10	rs704010	80841148	6.48433e-37
10	rs56358128	80841335	7.35314e-06
10	rs56094678	80841402	7.35041e-06
10	rs55869157	80841560	7.50816e-06
10	rs55722978	80841777	7.78232e-06
10	rs704009	80842416	9.04176e-12
10	rs704008	80842552	9.93821e-22
10	rs704007	80842827	2.77861e-22
10	rs704006	80842974	1.34444e-21
10	rs55872506	80843100	1.01221e-05
10	rs4980027	80843548	9.9321e-06
10	rs72816227	80845248	1.23363e-05
10	rs12359051	80845405	7.12951e-06
10	rs1250009	80845411	3.92415e-36
10	rs1250008	80845746	2.66853e-36
10	rs4980028	80845955	9.14575e-06
10	rs7916950	80846021	1.48168e-05
10	rs1250007	80846031	2.86859e-13
10	rs1250005	80846608	4.35926e-36
10	rs1250004	80846655	2.60356e-13
10	rs1250003	80846814	3.45539e-36
10	rs1250002	80847150	1.91051e-13
10	rs4979843	80847236	6.61633e-06
10	rs66534009	80847625	2.02218e-05
10	rs7909146	80848071	1.61684e-05
10	rs12782529	80848205	1.64812e-05
10	rs1269867	80849153	1.1953e-22
10	rs11002807	80849294	7.32121e-06
10	rs1250000	80849336	3.50855e-36
10	rs1249998	80850750	1.91445e-36
10	rs719338	80851257	2.81227e-37
10	rs1124441	80851931	7.13278e-06
10	rs1124440	80852101	7.7016e-06
10	rs1124439	80852113	7.29268e-06
10	rs1268974	80852378	3.95644e-37
10	rs873823	80852602	6.37159e-37
10	rs754416	80852768	1.63349e-36
10	rs11002809	80852868	4.54867e-06
10	rs2012869	80853407	2.58676e-05
10	rs1250013	80853508	4.65641e-08
10	rs753271	80853575	7.58964e-16
10	rs946716	80854025	1.57076e-15
10	rs2077266	80854076	1.53567e-06
10	rs1250011	80854255	2.09835e-15
10	rs11002810	80854413	7.73167e-05
10	rs7922498	80854516	1.01859e-06
10	rs79357024	80854938	0.00382852
10	rs1538228	80855375	6.56358e-06
10	rs10762844	80855423	4.06366e-24
10	rs10824714	80855577	0.955519
10	rs11002811	80855650	1.07077e-19
10	rs11002812	80856186	0.000345745
10	rs7074838	80856273	0.661338
10	rs7079181	80856901	0.684414
10	rs11002813	80857533	1.67543e-17
10	rs4564274	80857828	5.34171e-11
10	rs10824715	80858151	0.00230863
10	rs11002814	80858473	2.55484e-17
10	rs10762845	80858505	0.000253867
10	rs11002815	80858545	2.66183e-17
10	rs35861839	80859702	0.00317372
10	rs56038371	80859755	1.10503e-05
10	rs11595891	80861077	9.92116e-11
10	rs880031	80861989	0.0177381
10	rs10824716	80862522	0.0259904
10	rs881407	80862778	0.00018619
10	rs881406	80862955	0.000437197
10	rs11597192	80863226	0.670102
10	rs11002819	80863475	1.66123e-15
10	rs7083272	80863610	2.27381e-10
10	rs11002820	80863738	0.0231753
10	rs946009	80864094	0.61887
10	rs10824717	80864529	0.0290081
10	rs12256982	80865020	0.0206861
10	rs10824718	80866496	0.607158
10	rs16936856	80866709	0.021116
10	rs61853172	80866885	0.64927
10	rs56019917	80867151	0.577366
10	rs6480919	80867175	1.81019e-10
10	rs11598107	80868807	6.47608e-11
10	rs7086204	80869062	0.620363
10	rs7086384	80869225	0.706525
10	rs7086436	80869471	1.26429e-11
10	rs6480920	80869828	0.293799
10	rs2486695	80871063	0.263575
10	rs35678649	80872122	1.57791e-16
10	rs1628089	80872270	0.292903
10	rs1765880	80873242	0.284023
10	rs16936863	80873443	2.254e-17
10	rs1658324	80873515	2.1727e-06
10	rs17557872	80873608	1.60842e-16
10	rs11818019	80873647	0.00795033
10	rs11002825	80873883	1.06389e-16
10	rs11002826	80874092	1.56058e-16
10	rs1658323	80874523	0.188934
10	rs704005	80877090	0.133765
10	rs4336976	80878219	0.0356341
10	rs10824719	80879484	0.314246
10	rs7903880	80880118	0.192654
10	rs11002831	80880199	0.188677
10	rs11002833	80880451	0.162011
10	rs11002834	80880649	0.139807
10	rs11002835	80880900	0.135909
10	rs7068624	80881358	0.102648
10	rs11002837	80881422	0.122053
10	rs11002838	80881521	0.124524
10	rs11002839	80881524	0.119737
10	rs11002840	80881670	0.0668362
10	rs704004	80881968	1.69464e-05
10	rs1658322	80882589	5.31384e-11
10	rs1866159	80883083	9.0552e-14
10	rs1866158	80883149	2.6834e-14
10	rs1866157	80883311	2.7311e-19
10	rs6480921	80883572	1.56447e-19
10	rs10762848	80884539	1.63994e-05
10	rs60000259	80885746	0.670635
10	rs10762849	80886061	3.51873e-22
10	rs10762850	80886337	7.09289e-22
10	rs58567997	80886412	0.700353
10	rs4980029	80886726	4.696e-22
10	rs4980030	80886835	1.62247e-21
10	rs7903793	80887212	8.13849e-22
10	rs7904249	80887337	7.11073e-22
10	rs7921002	80887721	9.95266e-22
10	rs10762851	80887957	7.09895e-22
10	rs7097066	80888858	8.42675e-22
10	rs75167266	80889177	1.03741e-21
10	rs74385409	80889211	1.58049e-21
10	rs72816252	80889806	1.22162e-21
10	rs4979845	80890674	1.34334e-21
10	rs4980031	80891631	4.07437e-21
10	rs11002846	80894561	0.000320087
10	rs12572275	80896251	0.53676
10	rs16936901	80898075	0.455668
10	rs16936904	80898551	0.308682
10	rs7070204	80899266	0.329036
10	rs4980032	80903455	0.646971
10	rs780157	80904701	0.0355277
10	rs35339173	80904919	0.0526843
10	rs780156	80905033	0.0597668
10	rs10824722	80905542	0.0419494
10	rs780159	80907147	0.0647634
10	rs2981579	123337335	0
10	rs17542768	123337814	4.75338e-27
10	rs45631627	123338552	8.65189e-26
10	rs2912778	123338654	1.94608e-263
10	rs1078806	123338975	0
10	rs11200017	123339685	2.07314e-105
10	rs45631580	123340107	5.35441e-26
10	rs2981578	123340311	6.03341e-268
10	rs45631581	123340314	9.16953e-26
10	rs11599804	123340664	0
10	rs45631630	123340824	4.31033e-31
10	rs34032268	123341525	0
10	rs4752571	123342567	0
10	rs45631582	123343544	2.39768e-30
10	rs1219651	123344501	0
10	rs45631583	123345911	2.15286e-121
10	rs2981575	123346116	0
10	rs1219648	123346190	0
10	rs7091736	123347184	4.36413e-122
10	rs2912775	123347656	2.54507e-149
10	rs1219644	123347875	1.20119e-148
10	rs1219643	123348355	5.05847e-148
10	rs1219642	123348389	0
10	rs2912774	123348662	0
10	rs2936870	123348902	0
10	rs17102287	123350191	1.62615e-100
10	rs2981584	123350216	0
10	rs2860197	123351302	1.66880539388121e-308
10	rs2420946	123351324	1.66880539388205e-308
10	rs2162540	123352136	1.66880539550863e-308
10	rs3135724	123352220	2.70104e-113
10	rs2981582	123352317	1.66880539388138e-308
10	rs3135718	123353869	1.66880539574185e-308
10	rs3135715	123354726	2.90542e-93
10	rs7899765	123355688	7.03053e-20
10	rs41301551	123355927	4.6926e-18
10	rs7919434	123356938	5.75245e-18
10	rs7919566	123356989	5.79039e-18
10	rs41258305	123357482	8.31213e-21
10	rs4478918	123358170	3.86026e-18
15	rs4932370	91404705	0.000260081
15	rs4932371	91404788	0.000168764
15	rs7168951	91406146	0.00848999
15	rs7167085	91406188	0.00751747
15	rs4932177	91407197	9.87566e-05
15	rs4932372	91407275	0.000186598
15	rs75554891	91407740	0.598267
15	rs7497418	91407994	0.00605138
15	rs8029440	91409514	0.000121519
15	rs3759929	91410009	0.00852353
15	rs4932178	91411656	0.00011982
15	rs17514846	91416550	8.50539e-06
15	rs59596774	91418237	0.015817
15	rs8027450	91418394	0.000173116
15	rs60994696	91418723	0.0176071
15	rs1573643	91420973	0.000513871
15	rs1573644	91421283	0.0016384
15	rs8039305	91422543	4.14854e-06
15	rs6224	91423543	4.89402e-06
15	rs75493298	91423825	0.0140406
15	rs6227	91425232	0.000126952
15	rs4702	91426560	1.01316e-06
15	rs79865852	91426816	0.0141872
15	rs12906125	91427612	0.00010675
15	rs2071382	91428197	4.17749e-06
15	rs11539637	91428290	3.80052e-06
15	rs7183988	91428589	3.7043e-06
15	rs7177338	91428636	3.98177e-06
15	rs1894400	91428955	0.000120366
15	rs1894401	91429042	3.81222e-06
15	rs7497304	91429176	0.000113166
15	rs6496735	91429237	0.0219153
15	rs4932373	91429287	0.000128568
15	rs7402461	91429519	0.0216753
15	rs7402187	91429979	0.092944
15	rs2071383	91430436	0.0219003
15	rs2071384	91430617	0.066744
15	rs4932179	91430907	0.0682154
15	rs4932374	91431255	0.0701235
15	rs4548831	91431470	0.0704681
16	rs9940301	80641906	8.65858e-27
16	rs9933302	80641931	5.51468e-27
16	rs7187794	80642913	2.10037e-28
16	rs2060861	80643675	2.81911e-29
16	rs7404848	80644373	5.36524e-30
16	rs11150296	80644663	9.85046e-29
16	rs10468364	80645301	4.69712e-30
16	rs12446424	80645662	2.22511e-30
16	rs2316184	80647384	3.12852e-30
16	rs896625	80647550	2.52872e-30
16	rs7500067	80648296	1.67528e-30
16	rs7499149	80648327	1.42158e-30
16	rs4315348	80649257	5.59474e-06
16	rs8056731	80649830	2.56682e-28
16	rs57703295	80650064	9.69603e-06
16	rs59338992	80650308	0.000194405
16	rs13330873	80650662	8.26331e-06
16	rs13330920	80650768	9.61188e-06
16	rs13329835	80650805	3.26165e-30
16	rs879843	80651180	5.52225e-30
19	rs3859570	18510925	3.71932e-18
19	rs11086108	18511224	3.63547e-11
19	rs11086109	18511230	5.46719e-14
19	rs11671540	18512157	2.84097e-11
19	rs1002640	18512575	3.1478e-11
19	rs1560117	18512932	1.21984e-13
19	rs8112969	18513417	8.14448e-12
19	rs1985157	18513594	6.72605e-18
19	rs11668719	18515741	1.61323e-13
19	rs13382142	18516196	0.000705349
19	rs10421074	18516210	6.77238e-10
19	rs12971295	18517331	7.81986e-10
19	rs13344313	18517767	1.28188e-09
19	rs4808800	18517958	0.000302431
19	rs9749546	18518216	1.24462e-09
19	rs10424080	18518778	5.91747e-09
19	rs35336015	18519226	3.18034e-14
19	rs11086110	18520231	2.41488e-15
19	rs34509804	18520865	2.23788e-24
19	rs59776490	18521052	0.000131622
19	rs79355165	18522031	2.17161e-07
19	rs7255936	18522061	1.67302e-15
19	rs10402247	18522805	6.17256e-15
19	rs8100343	18523096	1.67173e-15
19	rs34213500	18524488	1.77186e-15
19	rs8111824	18525104	2.2381e-15
19	rs77488050	18525298	1.39759e-07
19	rs12982295	18525879	1.67445e-15
19	rs8102195	18527110	1.52035e-07
19	rs7257932	18527257	1.65044e-26
19	rs75581575	18528247	1.20599e-07
19	rs79557920	18528362	1.51712e-07
19	rs28375303	18530161	1.42189e-26
19	rs7258465	18533642	1.11923e-28
19	rs28534973	18535607	2.63399e-16
19	rs10405636	18538742	2.71231e-27
19	rs34746918	18539744	1.74173e-28
19	rs888669	18540644	2.59596e-16
19	rs11673604	18540988	4.63859e-27
19	rs35742476	18541785	9.52108e-16
19	rs10408290	18542701	2.032e-28
19	rs10409003	18543054	2.23201e-28
19	rs3810429	18543270	3.11099e-27
19	rs10442	18545341	1.73957e-27
19	rs2385088	18545540	2.77418e-28
19	rs2303697	18546678	5.14453e-27
19	rs10413237	18548249	4.22597e-27
19	rs2303696	18548884	5.67267e-25
19	rs10427083	18550276	3.99218e-27
19	rs74701207	18551039	5.5377e-06
19	rs28572537	18552208	1.92425e-28
19	rs1043327	18554972	1.59025e-27
19	rs113465793	18556417	7.838e-09
19	rs34053595	18556749	1.13617e-27
19	rs2303692	18557657	7.5925e-16
19	rs2303693	18557673	1.70907e-08
19	rs8111708	18558876	1.88274e-28
19	rs34171762	18559410	4.32363e-27
19	rs748609	18560282	1.045e-24
19	rs2303694	18562438	1.2121e-08
19	rs2303695	18562624	6.62897e-29
19	rs79257623	18563714	1.20628e-08
19	rs10405479	18563880	7.75515e-29
19	rs8103520	18563970	1.23563e-08
19	rs8107367	18564705	9.21048e-29
19	rs8107743	18565039	2.47462e-27
19	rs8103660	18566395	6.65993e-28
19	rs78061871	18566637	6.21487e-06
19	rs1806980	18566804	2.21943e-27
19	rs731945	18567039	8.77682e-07
19	rs76184771	18567189	1.09022e-08
19	rs2007981	18567555	5.27149e-29
19	rs10423802	18567901	1.46164e-16
19	rs10164323	18569492	2.08442e-27
19	rs10164319	18569833	6.01515e-29
19	rs79888481	18569957	1.26941e-08
19	rs1560118	18570035	1.0309e-28
19	rs11879757	18570632	8.80294e-16
19	rs4808801	18571141	6.64068e-29
19	rs75445489	18571150	1.36374e-08
19	rs8103622	18572834	8.78631e-29
19	rs1560119	18573675	2.75496e-27
19	rs111682204	18574235	1.36035e-08
19	rs7246788	18575450	4.79475e-16
19	rs74497531	18578178	1.34811e-08
19	rs10419404	18578654	1.22676e-26
19	rs10413922	18578689	4.05232e-15
19	rs35004712	18578897	1.29281e-16
19	rs77571703	18578984	1.73741e-08
19	rs75245298	18581227	1.35524e-08
19	rs78855479	18581916	1.50949e-08
19	rs7247540	18584478	1.1053e-16
19	rs4808803	18584781	1.03148e-15
19	rs4808804	18585325	6.37885e-25
19	rs75681761	18585329	1.40873e-08
19	rs4808805	18585410	1.18932e-16
19	rs11672385	18586759	7.44519e-16
19	rs7256534	18586791	2.18365e-27
19	rs8111397	18589045	4.67465e-15
19	rs8100767	18589088	4.39523e-27
19	rs7254249	18591745	6.24734e-27
19	rs7259135	18593153	3.44826e-15
19	rs8105994	18593553	4.77247e-29
19	rs8102717	18593726	3.90947e-15
19	rs4808807	18594836	3.20086e-15
19	rs8107222	18595089	9.47124e-09
19	rs11668704	18595635	4.45579e-15
19	rs79341622	18598213	1.38356e-08
19	rs7251067	18600056	1.5814e-08
19	rs4808808	18600182	4.67939e-15
19	rs10416993	18600455	1.36939e-16
19	rs10403249	18604942	5.30518e-27
19	rs10411009	18606266	2.52472e-26
19	rs78036311	18606369	8.08001e-08
19	rs34256197	18606472	1.29621e-26
19	rs74389203	18606656	7.95726e-08
19	rs11670392	18607780	9.27063e-16
19	rs7249020	18608147	3.99233e-26
19	rs7251653	18608283	2.53722e-26
19	rs4808133	18608518	3.26236e-26
19	rs4808134	18608579	3.25082e-26
19	rs7256530	18609090	8.72995e-17
19	rs875396	18611147	8.92389e-27
19	rs7249760	18611545	2.43247e-15
19	rs10409346	18611821	2.6823e-15
19	rs10409408	18611895	4.86253e-15
19	rs7252707	18612257	9.31207e-28
19	rs8107347	18612748	8.47489e-26
19	rs8107351	18612758	6.23167e-26
19	rs8101992	18614423	1.52713e-07
19	rs7251640	18614935	4.38634e-11
19	rs10410797	18615662	6.61665e-17
19	rs1469412	18616399	7.55287e-16
19	rs1469413	18616524	3.20307e-15
19	rs8109573	18617151	2.60704e-26
19	rs6512269	18618225	9.91893e-17
19	rs6512270	18618580	1.24126e-16
19	rs4808136	18618867	4.31069e-26
19	rs7246328	18619057	8.42711e-08
19	rs4580317	18619737	1.472e-15
19	rs10418331	18621670	2.28694e-15
19	rs77543386	18622193	4.53169e-07
19	rs4808812	18622443	5.34361e-15
19	rs6512271	18622699	2.31287e-15
19	rs8112859	18622839	6.4717e-16
19	rs8112372	18623132	2.3708e-15
19	rs271629	18623198	1.18227e-26
19	rs271628	18624333	4.6195e-27
19	rs8106332	18624479	2.61311e-15
19	rs8106068	18624964	1.32756e-16
19	rs57923655	18625151	2.36943e-15
19	rs4808813	18625310	2.22154e-15
19	rs271626	18627067	3.98047e-27
19	rs271624	18627953	2.18269e-24
19	rs8104247	18628205	1.87167e-15
19	rs271623	18628947	4.41235e-27
19	rs4006662	18629112	1.97565e-15
19	rs271622	18629277	4.43712e-27
19	rs4303657	18629597	7.67831e-17
19	rs76195	18629830	2.64878e-27
