CHR	SNP	BP	P
6	rs2146324	43756863	0.0452533
6	rs998584	43757896	0.000530952
6	rs6899540	43758324	0.0271322
6	rs6900017	43758485	0.235942
6	rs6905288	43758873	0.00114517
6	rs6905891	43759189	0.225205
6	rs6458349	43759789	0.0377564
6	rs66476655	43759942	0.23621
6	rs78807370	43761091	0.0193927
6	rs9394964	43761990	0.27986
6	rs9369421	43762122	0.245314
6	rs879825	43763814	0.324462
6	rs12204488	43764359	0.0103861
6	rs1358980	43764551	0.000166255
6	rs73416585	43764960	0.0656539
6	rs9472126	43765300	0.0676112
6	rs1885658	43765354	0.025875
6	rs1885659	43765533	0.0510031
6	rs10948089	43765884	0.583903
6	rs10948090	43765902	0.600286
7	rs42125	72823777	0.317204
7	rs4717763	72825125	0.00105243
7	rs62465129	72825777	0.326378
7	rs73133091	72828329	0.292378
7	rs2950511	72829745	0.0564181
7	rs117749895	72830531	0.425192
7	rs42238	72830546	0.0395513
7	rs42123	72839952	0.0243516
7	rs42122	72841823	0.018735
7	rs2237281	72846051	0.523279
7	rs2240466	72856269	0.0100455
7	rs1178979	72856430	0.00305069
7	rs1178977	72857049	0.0031177
7	rs2237279	72861849	0.000520145
7	rs13231516	72863249	0.00902612
7	rs714052	72864869	0.00877389
7	rs1306476	72868522	0.00211548
7	rs35330527	72870207	0.00836247
7	rs60982449	72873420	0.00866141
7	rs799216	72873734	0.677431
7	rs2074755	72877166	0.00802443
7	rs35797675	72878044	0.00179362
7	rs12056034	72878645	0.00814556
7	rs71556715	72881807	0.00848534
7	rs62465144	72883106	0.00241767
7	rs6976930	72885810	0.00230858
7	rs73362331	72887577	0.938281
7	rs2074754	72891754	0.000571182
7	rs35695283	72893403	0.00877269
7	rs75229905	72895946	0.00875801
7	rs7797566	72896395	0.00747771
7	rs17145713	72904810	0.00300583
7	rs111837003	72907459	0.00720814
7	rs13244268	72911843	0.0066572
7	rs79862839	72921609	0.00613527
7	rs13221253	72922233	0.00643205
7	rs34437827	72923338	0.00264146
7	rs17145721	72934080	0.0225767
7	rs7811265	72934510	0.00204862
7	rs62466264	72938718	0.002574
7	rs80189144	72939939	0.00570402
7	rs66579735	72944370	0.00231255
7	rs17145732	72970268	0.832233
7	rs13233571	72971231	0.00339775
7	rs13234157	72971728	0.00336702
7	rs13244614	72973854	0.880289
7	rs3763432	72974869	0.31333
7	rs111269058	72975702	0.00339622
7	rs13225333	72976018	0.89562
7	rs13225347	72976048	0.885148
7	rs13225450	72976123	0.00339541
7	rs34594435	72977249	0.00127547
7	rs12539316	72977898	0.867103
7	rs12539351	72978112	0.896133
7	rs12531884	72981883	0.320599
7	rs17145738	72982874	0.00438444
7	rs14415	72984780	0.872412
7	rs2286276	72987354	0.879224
7	rs35659126	72988069	0.00129197
7	rs11974409	72989390	0.00161727
7	rs35624969	72991592	0.85679
7	rs12540011	72991704	0.823462
7	rs13246490	72992350	0.00381498
7	rs66506038	72995943	0.834237
7	rs67644909	72995954	0.83423
7	rs9638180	72998952	0.0012416
7	rs9638181	72999043	0.83169
7	rs9638182	72999105	0.0013237
7	rs35173225	73001021	0.00284609
7	rs187404224	73003027	0.00290553
7	rs185081604	73003303	0.00296109
7	rs57978469	73003838	0.738898
7	rs35866503	73005776	0.00148186
7	rs13225660	73006388	0.00152478
7	rs1051921	73007943	0.00145923
7	rs13247874	73010442	0.00132479
7	rs35332062	73012042	0.0039426
7	rs79624003	73012785	0.00560768
7	rs35732917	73013269	0.873892
7	rs13235543	73013901	0.00604138
7	rs13240065	73015369	0.0054461
7	rs34346326	73016181	0.00186475
7	rs13240994	73016862	0.00178413
7	rs13226650	73017005	0.00171114
7	rs35368205	73017657	0.00191702
7	rs34166762	73018524	0.772307
7	rs61010704	73019975	0.81389
7	rs6968170	73020676	0.824454
7	rs77048596	73022211	0.778955
7	rs13246993	73022746	0.00506785
7	rs12531645	73023881	0.741731
7	rs13234131	73025975	0.00408419
7	rs17145750	73026378	0.00429498
7	rs33951980	73029437	0.00568834
7	rs2074768	73030103	0.761722
7	rs13229619	73030175	0.00507646
7	rs7785479	73032835	0.735436
7	rs34062580	73033559	0.00587717
7	rs6975495	73034030	0.739522
7	rs71556736	73034929	0.00629321
7	rs7800944	73035857	0.753408
7	rs55747707	73037366	0.00152178
7	rs34060476	73037956	0.00661829
7	rs34121855	73040814	0.00134134
7	rs62466318	73042085	0.00130111
7	rs6460047	73042443	0.784102
7	rs7805504	73042585	0.698754
7	rs7786376	73042614	0.288516
7	rs34958196	73043101	0.00171588
7	rs34430945	73043665	0.00154018
7	rs34321592	73045204	0.0172038
7	rs111796894	73045306	0.437653
7	rs7784668	73045483	0.00141462
7	rs78815801	73045938	0.00275624
7	rs17145813	73046758	0.065345
7	rs17145817	73046779	0.0155955
7	rs115498928	73047133	0.448065
7	rs36091304	73047511	0.0162883
7	rs34899589	73047520	0.0161727
7	rs35855035	73047551	0.0670386
7	rs35703204	73047848	0.0155704
7	rs13230514	73048095	0.0156219
7	rs62466323	73048678	0.0164819
7	rs13234805	73049182	0.00191957
7	rs13222090	73049387	0.0160929
7	rs799169	73050599	0.552793
7	rs799168	73050864	0.0567609
7	rs799167	73051306	0.0140856
7	rs4376401	73051322	0.427417
7	rs111287379	73051500	0.429326
7	rs113073831	73051550	0.430874
7	rs77632765	73053490	0.437515
7	rs71556737	73054746	0.012383
7	rs35814008	73055461	0.000801825
7	rs6957745	73056750	0.000517177
7	rs7777102	73058017	0.0016778
7	rs13239670	73059019	0.265523
7	rs799161	73059990	0.816349
7	rs799160	73060006	0.13987
7	rs10245965	73063515	0.685443
7	rs6973807	130423972	0.00681625
7	rs6974400	130424075	0.00680985
7	rs6974288	130424212	0.00700724
7	rs11762784	130424646	0.00680847
7	rs291732	130425114	0.596227
7	rs290800	130427024	0.887423
7	rs158677	130427032	0.89022
7	rs10244142	130427388	0.00100296
7	rs4731701	130430930	0.00765269
7	rs10260148	130430969	0.00174539
7	rs34072724	130432469	0.00825452
7	rs6971365	130432481	0.0017494
7	rs287618	130432573	0.857113
7	rs4731702	130433384	0.00810172
7	rs6961342	130433944	0.00124495
7	rs35722851	130434500	0.00771554
7	rs35057928	130434526	0.00768637
7	rs34282904	130434529	0.00775615
7	rs287620	130435052	0.945332
7	rs287621	130435181	0.00105962
7	rs35023707	130435909	0.635811
7	rs11979110	130436459	0.00694977
7	rs13230111	130437124	0.00771667
7	rs7810507	130437476	0.00106697
7	rs13233731	130437689	0.00779452
7	rs287624	130438005	0.772743
7	rs13234407	130438214	0.00710335
7	rs287626	130438724	0.745238
7	rs13228906	130441884	0.00847429
7	rs17185445	130442627	0.00870003
7	rs3996352	130444934	0.00915157
7	rs13240528	130445128	0.00920956
7	rs17789506	130445574	0.00957274
7	rs11765979	130445877	0.0099604
7	rs1364422	130445981	0.00199599
7	rs287628	130447005	0.645548
7	rs59326756	130447130	0.00228054
7	rs35518586	130448802	0.608996
7	rs7807512	130448914	0.0313425
7	rs12667251	130449458	0.0257293
7	rs149522	130449842	0.0175703
7	rs185963	130450151	0.0255313
7	rs288484	130450197	0.0257725
7	rs288485	130450214	0.280429
7	rs172306	130450387	0.0256404
7	rs66707186	130450542	0.559433
7	rs1665759	130451497	0.00368302
7	rs1646629	130451623	0.00370639
7	rs1646631	130451671	0.0036991
7	rs10238574	130452227	0.00362318
7	rs141766930	130452479	0.295119
7	rs1596972	130453382	0.00352986
7	rs13227508	130453822	0.00520151
7	rs35174764	130454812	0.582938
7	rs56282081	130454853	0.739272
7	rs1838931	130455588	0.00506783
7	rs1562396	130457914	0.00405229
7	rs1562397	130457926	0.00457551
7	rs61061846	130458674	0.00527086
7	rs7779112	130459223	0.301763
7	rs34748838	130459242	0.0138452
7	rs12154262	130460252	0.607122
7	rs6968740	130460276	0.00507751
7	rs28544889	130460291	0.0065457
7	rs6951054	130460480	0.00464681
7	rs4425698	130462242	0.00463173
7	rs1596973	130462283	0.00464387
7	rs6949956	130463325	0.00494196
7	rs6968233	130463456	0.00489842
7	rs10245520	130463831	0.00498032
7	rs6972634	130464125	0.00478878
7	rs6467316	130464596	0.00482234
7	rs6467317	130464660	0.00434884
7	rs58241163	130464904	0.251616
7	rs9641894	130465054	0.00502044
7	rs1447059	130465654	0.0152049
7	rs1447060	130466091	0.0194502
7	rs972283	130466854	0.0177176
7	rs972284	130466966	0.0213426
7	rs972285	130467272	0.00618286
9	rs4149286	107625803	0.695181
9	rs4149285	107625932	0.733228
9	rs4149284	107626108	0.51908
9	rs4149283	107626189	0.578602
9	rs4149282	107626284	0.655505
9	rs4149281	107626389	0.798323
9	rs4149280	107626542	0.502223
9	rs4149279	107627259	0.590028
9	rs2740499	107628188	0.878326
9	rs12004282	107629058	0.0774602
9	rs4743764	107629104	0.0664264
9	rs13301006	107629336	0.0230692
9	rs10991386	107630433	0.0571905
9	rs13291032	107630620	0.00988512
9	rs57989482	107631071	0.894404
9	rs10118061	107631134	0.011195
9	rs11791258	107632644	0.0122667
9	rs4742925	107633051	0.0688056
9	rs4742926	107633249	0.967731
9	rs1929841	107633725	0.334231
9	rs4742927	107634640	0.775167
9	rs2000069	107635869	0.0798024
9	rs111919605	107636559	0.206535
9	rs13285112	107636707	0.078774
9	rs59237458	107637306	0.0843684
9	rs4149275	107638507	0.100535
9	rs67740686	107639180	0.104861
9	rs4149274	107639414	0.00635248
9	rs4149273	107642211	0.00670299
9	rs4149272	107642287	0.0069298
9	rs62568179	107643786	0.0723482
9	rs11790326	107643810	0.130856
9	rs4149271	107644287	0.126835
9	rs3858074	107644737	0.133765
9	rs3858075	107644830	0.141251
9	rs2275542	107645080	0.0106321
9	rs62568181	107645674	0.0766156
9	rs13283515	107645922	0.0772843
9	rs3904997	107646009	0.125527
9	rs3904998	107646260	0.12194
9	rs3904999	107646289	0.123253
9	rs11789603	107647019	0.427212
9	rs4149269	107647121	0.0164948
9	rs4149268	107647220	0.018562
9	rs3890182	107647655	0.141193
9	rs72732702	107648409	0.162496
9	rs3847300	107648430	0.141585
9	rs2417565	107648458	0.162637
9	rs115658781	107648479	0.160264
9	rs3847301	107648519	0.166134
9	rs3847302	107648595	0.136004
9	rs3847303	107648652	0.16287
9	rs13290420	107648965	0.175957
9	rs13286991	107649380	0.1775
9	rs13286395	107649419	0.177517
9	rs7027196	107649606	0.178491
9	rs7043581	107649984	0.181126
9	rs113206627	107650033	0.104845
9	rs34171271	107650317	0.203482
9	rs62568182	107650343	0.191596
9	rs62568183	107650345	0.132797
9	rs62568184	107650355	0.131374
9	rs13292582	107650430	0.184019
9	rs7047523	107650575	0.0135251
9	rs35699471	107650820	0.0346123
9	rs10115928	107650843	0.0135658
9	rs2275543	107651174	0.101692
9	rs2275544	107651212	0.0457423
9	rs2275545	107651526	0.0638321
9	rs4149267	107651945	0.014339
9	rs115464783	107654293	0.223902
9	rs10125482	107655426	0.0320051
9	rs3847304	107655848	0.136071
9	rs3858076	107656122	0.0982501
9	rs3905000	107657070	0.0524758
9	rs2740493	107657825	0.0131041
9	rs2740492	107658248	0.128007
9	rs2740491	107658385	0.0138601
9	rs12341993	107658910	0.0538149
9	rs3983644	107659093	0.129498
9	rs2027403	107659105	0.0130167
9	rs2777784	107661059	0.00498836
9	rs2777785	107661122	0.00440212
9	rs10120087	107661150	0.495059
9	rs2777787	107661735	0.00544543
9	rs2740488	107661742	0.00483741
9	rs2575875	107662494	0.00462141
9	rs2791950	107662691	0.00474495
9	rs2777788	107662701	0.00451776
9	rs4149266	107662705	0.0048224
9	rs2777789	107662708	0.00486558
9	rs61319799	107662812	0.55963
9	rs2777790	107663039	0.00436874
9	rs2777792	107663094	0.00432034
9	rs1883025	107664301	0.00765858
9	rs73664375	107664373	0.571598
9	rs3758294	107664815	0.394742
9	rs2740487	107664961	0.093261
9	rs2777793	107665511	0.138736
9	rs2575876	107665739	0.0195858
9	rs2254819	107666414	0.0927705
9	rs2740486	107666513	0.0900603
9	rs2575877	107666772	0.0553042
9	rs2575878	107667079	0.0572393
9	rs2254708	107667147	0.0369185
9	rs13284054	107669073	0.700086
9	rs4100654	107669241	0.307462
9	rs7854775	107670674	0.57804
9	rs10820743	107671659	0.934478
9	9:107671935	107671935	0.499345
9	rs4149265	107672498	0.852195
9	rs62568199	107672526	0.463356
9	rs34165419	107676026	0.258031
9	rs186164465	107676295	0.432925
9	rs1175453	107676706	0.750434
9	rs2575874	107676758	0.828281
9	rs4149263	107677289	0.541558
9	rs4149261	107678278	0.0562367
9	rs2515618	107678797	0.919006
9	rs10991408	107678916	0.194863
18	rs11152213	57852948	0.00418437
18	rs9961813	57853056	0.0570794
18	rs11152214	57854144	0.879857
18	rs8082946	57854467	0.00159979
18	rs34633411	57854694	0.00284454
18	rs28506486	57856573	0.112853
18	rs8097210	57857135	3.52722e-05
18	rs489838	57857874	0.0135985
18	rs492443	57858802	3.65829e-05
18	rs8089364	57858829	3.60725e-05
18	rs619825	57859066	0.0112817
18	rs12969709	57859563	3.80371e-05
18	rs9954571	57859877	0.0705787
18	rs921971	57861663	3.37312e-05
18	rs1457489	57861961	3.45105e-05
18	rs12958167	57863469	3.18254e-05
18	rs9319962	57864141	0.00262825
18	rs688671	57867526	4.42969e-05
18	rs1942872	57868365	2.63848e-05
18	rs670593	57869190	0.011975
18	rs9947301	57869590	0.104805
18	rs9947403	57869750	0.00285722
18	rs639407	57870179	0.00328657
18	rs638429	57870410	0.469198
18	rs12458413	57870568	0.100162
18	rs1942874	57871154	0.0996695
18	rs1942875	57871176	0.0994794
18	rs1942876	57871266	0.00824304
18	rs9965724	57871579	0.0852357
18	rs58456173	57872169	0.0991687
18	rs996022	57872361	0.00821819
18	rs12955983	57872989	2.25974e-05
18	rs11876242	57873750	0.105326
18	rs58414540	57874906	0.514206
18	rs9955258	57875198	0.650691
18	rs11665563	57876034	2.415e-05
18	rs11663816	57876227	2.4034e-05
18	rs8094523	57878155	0.115841
18	rs8093442	57879925	0.0974215
18	rs2045438	57881362	2.09786e-05
18	rs17175602	57882717	3.25491e-05
18	rs489693	57882787	0.000183143
18	rs646749	57883125	0.00746843
18	rs694780	57883545	0.00731187
18	rs2045439	57883801	2.93135e-05
18	rs619662	57884551	0.00697311
18	rs12957325	57884616	2.93038e-05
18	rs12970134	57884750	3.37512e-05
18	rs11660069	57885413	2.93531e-05
18	rs603940	57885783	0.00789753
18	rs581401	57885964	0.00680345
18	rs500623	57886838	0.00290337
18	rs62096036	57887368	0.0979897
18	rs67713315	57888746	2.35169e-05
18	rs11665439	57889651	2.34405e-05
18	18:57889652	57889652	2.31602e-05
18	rs1673482	57890212	0.00283885
18	rs67194783	57890743	2.21746e-05
18	rs621449	57890756	0.00177269
18	rs28834383	57890774	0.0925294
18	rs9958386	57890825	0.00233902
18	rs56804022	57892549	2.71578e-05
18	rs499759	57893330	0.00223598
18	rs528074	57894123	0.00270731
18	rs553731	57894608	0.0027241
18	rs62096057	57894950	0.0879277
18	rs557416	57895059	0.00295134
18	rs8088849	57895090	0.10243
18	rs473381	57895613	0.0027599
18	rs502933	57896474	0.00283981
18	rs17175643	57896742	2.29451e-05
18	rs62096058	57897086	0.00258738
18	rs12956871	57897702	2.59406e-05
18	rs12960928	57897803	2.59278e-05
18	rs623584	57898199	0.00616747
18	rs2219375	57898549	0.00245934
18	rs8089366	57898600	0.00244592
18	rs8092109	57901041	0.118466
18	rs8091286	57901137	0.0025402
18	rs2083	57901782	0.0025279
18	rs7227739	57901950	0.00252107
18	rs12456728	57902871	0.10813
18	rs12456624	57903086	0.00234138
18	rs12457166	57903273	0.109643
18	rs12964203	57903604	2.84913e-05
18	rs590654	57904011	0.00279141
18	rs590215	57904088	3.41346e-05
18	rs534234	57904207	0.00247902
18	rs11152215	57905119	0.0995777
18	rs11152216	57905128	0.108112
18	rs9966504	57905295	0.100374
18	rs656384	57906500	2.62237e-05
18	rs2168708	57907311	2.75824e-05
18	rs9949568	57907648	0.101216
18	rs61680610	57907787	0.12419
18	rs11152217	57908133	0.105002
18	rs4940484	57908500	0.0249468
18	rs11665052	57908675	2.99849e-05
18	rs494111	57908746	0.00680492
18	rs1788041	57909385	0.00678734
18	rs17175713	57909799	3.21822e-05
18	rs9961578	57910575	0.112903
18	rs12966550	57911330	3.52817e-05
18	rs9956274	57912703	0.767253
18	rs9955666	57912785	0.00241144
18	rs4450508	57913434	0.00136016
18	rs68033110	57914679	8.33723e-05
18	rs61194872	57915448	0.738406
18	rs35623600	57916552	0.347768
18	rs8098883	57918469	0.608977
18	rs74574921	57919046	0.0497626
18	rs113602013	57919710	0.0503328
18	rs75199135	57920621	0.0389572
18	rs17773235	57922526	0.0433771
18	rs77173816	57922905	0.0456157
18	rs80291924	57922999	0.0449295
18	rs1379444	57923480	0.549617
18	rs767900	57923556	0.050374
18	rs2168710	57923932	0.529844
18	rs28822480	57924823	0.0496172
18	rs8085887	57925506	0.641983
18	rs8086138	57925664	0.657699
18	rs8086325	57925821	0.638676
18	rs2045443	57926262	0.642036
18	rs2045442	57926739	0.118427
18	rs2125020	57927870	0.650774
18	rs55820593	57929348	0.811362
18	rs17700633	57929432	0.0359968
18	rs9946888	57934167	0.531217
18	rs9961245	57934238	0.573341
18	rs1379443	57934867	0.557949
18	rs718475	57937459	0.0574303
18	rs56163207	57939298	0.0449722
18	rs55963627	57939434	0.0527278
18	rs12956917	57939790	0.119592
18	rs4597428	57941178	0.664108
18	rs9967475	57941805	0.11932
18	rs73455626	57942192	0.0592755
18	rs9956279	57942799	0.0584897
18	rs12958509	57943136	0.117394
18	rs17773329	57944239	0.034377
18	rs2168709	57945105	0.285065
18	18:57945230	57945230	0.214584
18	rs7227810	57945280	0.0545226
18	rs8096059	57945404	0.637276
18	rs73455634	57947519	0.054199
18	rs12607795	57948098	0.0560504
18	rs12607801	57948346	0.832925
18	rs12962523	57949855	0.029101
18	rs2331933	57955945	0.07147
18	rs9944545	57958244	0.115574
18	rs17700759	57959015	0.16281
18	rs17773412	57960769	0.140997
18	rs111638368	57961249	0.131301
18	rs111364332	57961442	0.120829
18	rs1457487	57961874	0.134501
18	rs9963410	57962862	0.129616
18	rs9953008	57962981	0.158755
18	rs17773430	57963117	0.155657
18	rs1457486	57965193	0.120824
