CHR	SNP	BP	P
2	rs35339313	145139727	0.150799
2	rs12991836	145141541	0.170182
2	rs16855324	145147758	0.350877
2	rs35783446	145153058	0.0293928
2	rs35015447	145153076	0.0269849
2	rs13003631	145155414	0.0789593
2	rs10185359	145155731	0.479756
2	rs35213774	145157858	0.0545619
2	rs68066623	145159105	0.055181
2	rs13009259	145161902	0.0297825
2	rs11683355	145164543	0.0179375
2	rs10197694	145164666	0.00650076
2	rs55755433	145165106	0.0174836
2	rs35728039	145165183	0.0186438
2	rs3770305	145169177	0.0186316
2	rs7560525	145169563	0.894553
2	rs3755090	145171121	0.0160561
2	rs3755091	145171432	0.0157623
2	rs16823675	145173029	0.00959645
2	rs11904051	145173763	0.00895943
2	rs55636104	145176229	0.292051
2	rs6748886	145177708	0.595629
2	rs7600752	145178110	0.00266202
2	rs16823683	145179581	0.0129337
2	rs34227912	145180921	0.0798195
2	rs10928212	145181758	0.0167224
2	rs13016542	145183851	0.0176818
2	rs10192562	145184316	0.973443
2	rs12996983	145184666	0.0517004
2	rs6721820	145186664	0.0100306
2	rs12614546	145186749	0.106397
2	rs2288353	145187783	0.0126881
2	rs10164806	145193326	0.860555
2	rs17738837	145196196	0.0746741
2	rs13401103	145198623	0.910058
2	rs72858474	145198889	0.923105
2	rs13013418	145202375	0.0395218
2	rs16823732	145204758	0.93508
2	rs7568133	145204976	0.0451064
2	rs16823737	145206066	0.0331758
5	rs168264	16188405	0.0559209
5	rs3099462	16189251	0.0540944
5	rs342555	16191417	0.00102697
5	rs3849091	16192214	7.72566e-07
5	rs3899926	16192650	1.05009e-06
5	rs186951	16195004	1.1695e-09
5	rs344739	16195381	0.0372412
5	rs2402099	16195720	1.25643e-07
5	rs2896194	16196075	1.67867e-06
5	rs2402098	16196089	5.43807e-06
5	rs344740	16196463	1.1771e-09
5	rs11133832	16196764	4.49939e-07
5	rs4091935	16197038	1.3095e-07
5	rs6896665	16197647	6.36844e-08
5	rs344741	16200534	0.0627348
5	rs2582659	16202365	0.0578981
5	rs981221	16203015	1.82245e-08
5	rs344718	16204261	0.0644187
5	rs3849092	16204619	5.45902e-07
5	rs344720	16205201	0.0651428
5	rs344723	16206494	0.068759
5	rs344724	16209127	1.45244e-10
5	rs342551	16211914	0.0635387
5	rs342552	16212258	0.0598049
5	rs342553	16212358	0.0587855
5	rs342554	16213942	0.0642476
5	rs344729	16215317	0.0643242
5	rs17611228	16217387	3.09826e-11
5	rs1072838	16219566	2.50116e-11
5	rs2402234	16219926	0.0748464
5	rs4565210	16221625	6.00824e-08
5	rs4368728	16221678	0.0331604
5	rs1156056	16222186	1.04245e-10
5	rs10054307	16222858	0.0395162
5	rs10054349	16222879	0.0351978
5	rs13168767	16223852	0.0452442
5	rs1036719	16223929	0.0453495
5	rs1013018	16224101	8.752e-12
5	rs2119413	16224150	0.0453496
5	rs995763	16224538	0.0462828
5	rs995764	16224591	1.47455e-09
5	rs995765	16224737	0.205859
5	rs995766	16224831	0.0439929
5	rs4701652	16226898	1.39634e-09
5	rs12652713	16228197	2.73949e-12
5	rs2402236	16228265	0.0392966
5	rs10078995	16229158	0.0383029
5	rs10079067	16229260	1.62908e-09
5	rs4701653	16229566	1.61694e-09
5	rs10075110	16230831	1.56053e-09
5	rs6866941	16231128	1.55912e-09
5	rs6890024	16231273	0.0441234
5	rs11749689	16231864	0.044641
5	rs11743167	16232215	2.98201e-12
5	rs9312911	16232668	0.0442533
5	rs4702130	16233331	9.99792e-08
5	rs4702131	16233619	2.98156e-12
5	rs7708010	16234284	3.11336e-09
5	rs11950282	16235749	6.01056e-07
5	rs11740323	16235823	5.40999e-10
5	rs67198854	16236048	5.77608e-10
5	rs10040093	16236207	7.48814e-07
5	rs17526642	16236293	5.83468e-10
5	rs6554914	16236711	0.158137
5	rs4701655	16237236	0.00618219
5	rs10056479	16237561	7.2309e-07
5	rs11750381	16238016	5.0492e-10
5	rs11750406	16238094	5.36027e-10
5	rs9312912	16241263	0.0128093
5	rs10038426	16242706	1.21665e-06
5	rs10061186	16243266	0.00777809
5	rs13186397	16244675	6.25809e-10
5	rs12187958	16245534	5.31051e-10
5	rs9312913	16245900	9.00744e-07
5	rs7706076	16246505	0.0168145
5	rs2402237	16247277	9.98604e-07
5	rs72740175	16248040	0.000170882
5	rs894047	16248241	9.49738e-07
5	rs1371971	16249101	9.35822e-07
5	rs7713540	16249299	9.36578e-07
5	rs1440809	16250111	1.09193e-06
5	rs1440810	16250168	0.0132853
5	rs7719264	16250580	0.0110682
5	rs7737450	16250762	1.0275e-06
5	rs13176741	16251294	6.94682e-10
5	rs7704321	16251366	8.92292e-07
5	rs7704348	16251435	9.15541e-07
5	rs11133836	16252347	0.0120094
5	rs11133837	16252571	6.22948e-10
5	rs10077125	16252752	0.011996
5	rs7715586	16253763	1.19983e-06
5	rs7716074	16254078	0.0167037
5	rs11133838	16254310	1.13789e-09
5	rs11133840	16254570	6.22667e-10
5	rs7713192	16256350	0.0116377
5	rs7730897	16256380	0.0116387
5	rs1561632	16256799	1.07391e-06
5	rs16868291	16256835	0.0131883
5	rs16868293	16256946	0.0129544
5	rs16868296	16257125	0.0130781
5	rs13180531	16257306	4.41548e-09
5	rs62347593	16257648	2.01488e-06
5	rs1561634	16258077	0.0356462
5	rs13166554	16258559	0.000337285
5	rs11956879	16258794	2.26746e-07
5	rs11956832	16258810	2.26759e-07
5	rs13187256	16259117	3.89947e-09
5	rs4580777	16259288	0.000321909
5	rs998747	16260028	0.0386062
5	rs7724153	16260460	0.0042278
5	rs17705919	16260729	0.00420446
5	rs4702133	16261195	4.50719e-09
5	rs17705925	16261338	0.00441985
5	rs1465894	16261444	0.00416064
5	rs1122237	16261665	0.0991683
5	rs1122236	16261826	3.1233e-07
5	rs6554917	16263006	2.5485e-07
5	rs58450119	16263968	0.0040159
5	rs1371972	16264859	2.84207e-07
5	rs11742849	16265139	3.28101e-09
5	rs11133841	16265505	3.61953e-07
5	rs11951002	16266343	0.00322805
5	rs13171746	16266884	2.51185e-07
5	rs12653919	16267176	2.48412e-07
5	rs12516287	16268722	0.00239908
5	rs2218210	16269433	0.00233771
5	rs11739184	16270044	2.67923e-07
5	rs2582660	16270599	0.000452214
5	rs2582662	16272637	2.5544e-07
5	rs2219770	16273280	1.68357e-09
5	rs1036720	16274863	0.000625883
5	rs1440812	16275896	0.000519384
5	rs62347598	16276323	0.0662705
5	rs2967940	16278279	0.00032309
5	rs2617306	16278558	9.54174e-09
5	rs2582679	16278559	2.63965e-07
5	rs986767	16278780	3.48379e-07
5	rs986768	16279175	1.26177e-09
5	rs62347603	16279423	0.00318432
5	rs2617305	16279612	1.42458e-09
8	rs283734	128270368	0.0138683
8	rs4871014	128270980	0.00128588
8	rs2167375	128270999	0.000977764
8	rs4871775	128271095	0.000972579
8	rs1868907	128272220	0.00119949
8	rs4871776	128273489	7.94211e-13
8	rs6991761	128274518	8.42407e-05
8	rs10092892	128274558	6.55049e-05
8	rs965271	128275692	8.10988e-07
8	rs34383040	128275985	8.30368e-05
8	rs10089223	128276868	3.30863e-05
8	rs2122835	128278313	0.000845448
8	rs4871779	128279007	0.00172401
8	rs10956354	128279274	0.00213895
8	rs67754732	128279676	0.000896835
8	rs11777807	128280808	5.91675e-17
8	rs79803189	128280955	0.00176579
8	rs76895997	128281542	0.00186355
8	rs76668408	128281551	0.0017473
8	rs283732	128281644	0.00244709
8	rs12549405	128281690	0.00155039
8	rs1962471	128281708	8.82204e-06
8	rs283731	128281901	0.00169315
8	rs1011387	128281911	0.00140335
8	rs283730	128282154	1.49957e-13
8	rs10100721	128282996	1.4644e-05
8	rs283729	128283182	0.00281935
8	rs2198149	128283434	3.49269e-14
8	rs78391261	128284676	0.0409211
8	rs55753707	128285968	5.49293e-16
8	rs166900	128286567	0.00200584
8	rs283708	128286870	0.0492956
8	rs62529474	128287615	3.60395e-16
8	rs43664	128288622	0.0447649
8	rs43665	128288695	0.0329503
8	rs283709	128288912	0.178035
8	rs17378189	128288920	5.72185e-16
8	rs283710	128289591	7.79237e-06
8	rs283711	128289859	0.00599158
8	rs283712	128291198	1.05134e-05
8	rs370874	128291366	0.00182537
8	rs370876	128291370	1.03263e-09
8	rs4871780	128291578	4.13794e-16
8	rs924992	128292843	0.00156032
8	rs11993023	128293345	7.17507e-15
8	rs185852	128293466	0.004714
8	rs283713	128294091	0.0341702
8	rs412835	128295710	1.47479e-09
8	rs441383	128296090	0.0281206
8	rs446123	128296106	0.0268913
8	rs438783	128296664	0.00422654
8	rs77846469	128297437	0.0170719
8	rs8180882	128297971	0.00188616
8	rs6980979	128298211	1.2336e-07
8	rs283702	128299175	0.00182975
8	rs28671644	128299592	0.00484104
8	rs12679832	128300936	0.0165987
8	rs12707923	128300999	0.00415069
8	rs283701	128301414	0.0233686
8	rs35132843	128302119	0.0486918
8	rs17378569	128302639	1.23511e-13
8	rs283714	128302791	0.0225082
8	rs12216777	128303372	5.80673e-13
8	rs283715	128303557	0.00355135
8	rs28651248	128304099	0.00235988
8	rs6984900	128304269	0.00332133
8	rs924993	128304499	0.03143
8	rs283716	128305167	0.00778798
8	rs72728050	128305973	0.0167046
8	rs11994592	128307064	0.0284228
8	rs283718	128307082	3.38301e-11
8	rs17450865	128307797	3.46088e-07
8	rs13251915	128307955	5.26313e-05
8	rs7822551	128309188	4.3689e-08
8	rs12549518	128309591	2.97502e-20
8	rs283720	128309965	1.37e-05
8	rs6996866	128310155	5.25328e-21
8	rs283721	128310493	1.54444e-07
8	rs283725	128311352	1.33665e-07
8	rs2007197	128311559	8.81578e-08
8	rs283727	128313360	5.4215e-32
8	rs72728056	128313553	0.0677473
8	rs4871015	128314516	1.08068e-35
8	rs34882299	128314913	4.7419e-29
8	rs283704	128315582	1.24606e-31
8	rs56983490	128316676	4.24439e-34
8	rs283705	128317450	1.87641e-35
8	rs59931842	128317888	3.24969e-08
8	rs10107982	128318755	1.98076e-18
8	rs7017081	128319347	2.25429e-07
8	rs74565976	128319713	1.45349e-07
8	rs6984136	128320138	1.87603e-07
8	rs16902094	128320346	0.168895
8	rs7838810	128321202	9.71779e-28
8	rs453875	128321411	3.9365e-31
8	rs72728057	128321413	0.370242
8	rs72728059	128321483	0.361435
8	rs72728061	128321583	0.377231
8	rs16902095	128321684	0.118595
8	rs1995613	128321943	0.000195277
8	rs60163266	128323157	0.143661
8	rs445114	128323181	2.1667e-24
8	rs56736364	128323724	0.171185
8	rs34585331	128323731	0.13943
8	rs378854	128323819	2.54003e-23
8	rs421094	128323874	3.73633e-24
8	rs4506170	128323891	0.351592
8	rs11781932	128330178	1.58858e-40
8	rs11785664	128330424	4.25369e-40
8	rs622856	128333180	3.02833e-26
8	rs622853	128333181	7.72895e-26
8	rs622556	128333197	4.4235e-30
8	rs72712308	128333220	0.108456
8	rs444318	128333513	8.96132e-30
8	rs72712310	128333565	0.105663
8	rs7832709	128334243	3.46432e-39
8	rs366991	128334245	3.85724e-25
8	rs606677	128334485	6.8723e-30
8	rs2691039	128334662	7.63843e-30
8	rs13256367	128334900	2.41255e-29
8	rs594154	128334911	7.36389e-30
8	rs373701	128334992	9.08953e-30
8	rs55717424	128335079	0.107401
8	rs437980	128335246	7.73485e-30
8	rs58104177	128335536	0.118766
8	rs620861	128335673	2.965e-26
8	rs620808	128335714	1.78987e-29
8	rs590574	128335715	1.69069e-29
8	rs443053	128335796	3.49148e-26
8	rs11775799	128336236	1.34268e-43
8	rs74305904	128336247	2.9426e-06
8	rs400818	128336546	9.54472e-33
8	rs72712334	128336664	0.105837
8	8:128336740	128336740	1.16592e-32
8	rs34628978	128336744	1.26041e-32
8	rs386883	128336871	8.29876e-33
8	rs377649	128337241	7.23663e-33
8	rs74749285	128337537	2.9246e-06
8	rs72712335	128338258	0.11032
8	rs430693	128338594	1.0065e-32
8	rs684254	128338693	1.14445e-32
8	rs631845	128338760	7.32482e-33
8	rs653605	128338847	1.07311e-32
8	rs432470	128339044	5.83123e-44
8	rs424281	128339426	6.72337e-44
8	rs16902102	128340221	0.119089
8	rs16902103	128340374	0.118838
8	rs72712339	128340554	0.117983
8	rs587948	128341680	5.38087e-38
8	rs60497658	128341810	0.0963624
8	rs2017024	128342113	1.73223e-06
8	rs35049703	128342114	1.42899e-29
8	rs10956359	128342154	2.14379e-21
8	rs72712344	128342626	0.095874
8	rs17464492	128342866	8.56162e-24
8	rs420101	128343879	1.1695e-60
8	rs7838714	128343948	3.40593e-66
8	rs389143	128344380	6.61323e-61
8	rs688201	128344402	2.54255e-61
8	rs595821	128344410	1.77874e-61
8	rs687324	128344591	2.78817e-61
8	rs594869	128344601	2.94217e-61
8	rs594868	128344602	3.20641e-61
8	rs687279	128344624	9.93626e-37
8	rs436238	128345028	1.92761e-61
8	rs581761	128345231	6.03559e-62
8	rs673745	128345269	3.13641e-62
8	rs672888	128345463	2.65806e-62
8	rs7826557	128345731	2.25607e-65
8	rs419018	128346259	1.52839e-62
8	rs418269	128346358	2.22768e-62
8	rs385278	128347017	3.48153e-62
8	rs391640	128347124	6.91595e-16
8	rs670725	128347157	3.51671e-62
8	rs382824	128347724	2.87887e-62
8	rs383205	128347977	4.304e-62
8	rs373616	128348062	2.6661e-62
8	rs400772	128348298	1.29337e-61
8	rs73336742	128348403	0.24383
8	rs16902118	128348617	0.2499
8	rs13275275	128349727	4.16104e-62
8	rs13248140	128349888	4.59305e-62
8	rs10956360	128349970	2.93641e-62
8	rs10956361	128350106	1.27269e-61
8	rs10956362	128350386	3.83066e-62
8	rs13249993	128350515	6.34799e-67
8	rs56898669	128351442	3.56281e-62
8	rs10956363	128351773	7.54106e-62
8	rs61044379	128351954	7.48333e-38
8	rs36024485	128352205	8.22794e-30
8	rs4871782	128352234	1.6305e-61
8	rs28759353	128352363	8.1837e-38
8	rs57549811	128352601	6.63864e-06
8	rs10087810	128352730	2.11997e-58
8	rs12541832	128353171	1.4673e-37
8	rs59694674	128353187	6.12214e-06
8	rs13262406	128353739	1.78014e-38
8	rs17465052	128354080	1.04743e-66
8	rs13270266	128354086	3.13068e-38
8	rs13271658	128354313	6.42851e-15
8	rs10095860	128354785	1.00284e-12
8	rs16902121	128354918	0.360946
8	rs10098985	128355019	8.4186e-66
8	rs73336758	128355234	0.367331
8	rs13281615	128355618	9.87764e-63
8	rs17465283	128355824	2.12092e-65
8	rs76102714	128355940	3.13714e-49
8	rs13256275	128356226	1.21529e-52
8	rs57656669	128356418	4.29041e-06
8	rs17465317	128356670	1.01494e-65
8	rs55746746	128356860	2.01236e-66
8	rs16902124	128357218	6.5328e-06
8	rs13267780	128357817	8.26893e-28
8	rs10447995	128357924	7.5137e-66
8	rs6999578	128358795	3.19368e-65
8	rs73336767	128358866	0.350988
8	rs7014657	128361241	8.5038e-66
8	rs56110209	128361928	8.61429e-66
8	rs10097200	128363652	1.37142e-65
8	rs11785277	128365083	0.299692
8	rs11774777	128365199	0.303954
8	rs11781679	128365202	0.30198
8	rs11774827	128365341	0.302195
8	rs11781774	128365698	0.294503
8	rs35850773	128365947	0.295539
8	rs13267256	128366037	0.291891
8	rs13266502	128366045	0.293734
8	rs60743857	128366470	2.05778e-07
8	rs7842494	128366570	2.74703e-59
8	rs11782735	128366604	0.304071
8	rs11775906	128366754	0.297626
8	rs5022926	128366829	2.92619e-67
8	rs11783559	128366925	0.34005
8	rs11783615	128367007	0.300599
8	rs73336790	128367106	0.276058
8	rs10112674	128367454	9.98542e-52
8	rs36072021	128367695	0.303805
8	rs9693995	128368513	5.94971e-62
8	rs55885383	128369743	0.369923
8	rs35440286	128369973	1.05147e-51
8	rs35904426	128370183	1.2226e-64
8	rs76095054	128370188	0.357608
8	rs35112951	128370271	2.04188e-50
8	rs10110330	128370755	1.82131e-65
8	rs35633961	128371724	1.22211e-07
8	rs59055165	128371886	1.22544e-07
8	rs10096351	128372172	3.7679e-69
8	rs2121629	128373027	9.33841e-60
8	rs73708624	128373323	9.19599e-08
8	rs12541305	128373756	1.45658e-66
8	rs978683	128374117	1.49329e-46
8	rs10505480	128374281	1.05474e-07
8	rs9297753	128375270	6.46097e-67
8	rs9283954	128375370	8.64028e-59
8	rs7831303	128376732	1.92095e-66
8	rs7815100	128376801	2.01555e-66
8	rs7835046	128376926	7.07182e-26
8	rs4143118	128377468	4.40978e-59
8	rs6988647	128377656	9.25893e-67
8	rs7006882	128377667	1.76172e-59
8	rs9692890	128377774	1.03458e-58
8	rs9693143	128378025	9.256e-67
8	rs28524866	128378191	1.7318e-58
8	rs2060775	128378626	2.58628e-13
8	rs10956364	128378883	2.72775e-61
8	rs11776330	128378963	2.17599e-59
8	rs11784125	128379920	0.409734
8	rs16902126	128382357	1.11266e-62
8	rs11776260	128382488	0.351633
8	rs7815245	128383597	2.79362e-66
8	rs4871785	128385442	1.47384e-07
8	rs112108349	128385689	0.347678
8	rs2121631	128386556	4.91384e-24
8	rs9643220	128386926	2.08126e-12
8	rs73708627	128387340	1.75827e-07
8	rs1562430	128387852	1.92896e-64
8	rs2392780	128388025	5.92037e-63
8	rs12677432	128388358	3.31924e-07
8	rs7015780	128389507	1.79574e-63
8	rs731900	128390660	7.58328e-07
8	rs16902131	128390957	0.0161593
8	rs62516032	128391412	5.56137e-21
8	rs2166690	128394475	1.32871e-37
8	rs62513967	128395508	2.31634e-22
8	rs6981732	128395593	2.37338e-07
8	rs6981594	128395594	0.0602726
8	rs7001950	128395603	2.37833e-07
8	rs1108837	128395971	0.0166635
8	rs1108838	128395982	0.02421
8	rs2893620	128396213	5.39797e-14
8	rs6986543	128396316	9.05256e-33
8	rs896324	128396512	0.153553
8	rs7822864	128397484	3.95686e-06
8	rs79122086	128397907	3.09022e-05
8	rs55869688	128398570	0.00907215
8	rs4871021	128399100	0.0151788
8	rs7833138	128399808	0.000571198
8	rs7820981	128400176	1.69238e-15
8	rs16902141	128400851	0.111632
8	rs1562871	128401772	7.91321e-07
12	rs10848624	2287970	0.0058243
12	rs10848625	2288405	0.00492123
12	rs10848626	2288436	0.00517624
12	rs10774030	2292690	0.0016705
12	rs758171	2294263	0.00162894
12	rs11062145	2297353	0.0067792
12	rs2283287	2298724	0.00767607
12	rs2283288	2299048	0.00709499
12	rs2238045	2299823	0.00785016
12	rs2238046	2299998	0.00742575
12	rs2238047	2300008	0.00742902
12	rs2238048	2300207	0.00744044
12	rs61909095	2301189	0.00787717
12	rs7133502	2303486	0.0147144
12	rs7308351	2303546	0.0141749
12	rs2239018	2304357	0.0127557
12	rs2238049	2306128	0.019848
12	rs2238050	2306707	0.0168323
12	rs2238051	2307175	0.0436342
12	rs2238052	2307296	0.0137461
12	rs2098013	2309023	0.0150496
12	rs10774032	2309393	0.0148118
12	rs10459125	2309864	0.0156726
12	rs2239019	2310310	0.013899
12	rs2239020	2310452	0.0154452
12	rs2239021	2310529	0.0151037
12	rs2239022	2310551	0.0154903
12	rs2239023	2310616	0.0147863
12	rs2239024	2311313	0.0154926
12	rs2239025	2312282	0.0155018
12	rs2239026	2312291	0.0155
12	rs2239027	2312301	0.0151091
12	rs10848627	2312408	0.0155494
12	rs10848628	2312489	0.0137257
12	rs12422554	2312620	0.0179704
12	rs4765668	2312826	0.0195684
12	rs10848629	2312897	0.0155708
12	rs4765902	2312965	0.0155791
12	rs4765669	2313111	0.0154584
12	rs4765670	2313126	0.0153999
12	rs12423277	2314319	0.0178787
12	rs10774033	2314426	0.0153947
12	rs10848631	2314825	0.0153492
12	rs758173	2315228	0.0154194
12	rs76603827	2315540	0.637506
12	rs758174	2315706	0.0161746
12	rs10848632	2315993	0.015842
12	rs10848633	2316019	0.0155265
12	rs10848634	2316127	0.0155259
12	rs78907301	2316178	0.629341
12	rs10848636	2316493	0.0159416
12	rs10848637	2316554	0.0159416
12	rs2238053	2317096	0.0148353
12	rs11062156	2317523	0.0158976
12	rs77372211	2317604	0.993967
12	rs2238054	2317644	0.0160555
12	rs12424245	2322513	0.00671087
12	rs7957545	2324042	0.0144639
12	rs2238055	2324407	0.305151
12	rs11062158	2325978	0.59895
12	rs10848641	2326181	0.675761
12	rs11062159	2326224	0.00790706
12	rs2238056	2327944	0.0184759
12	rs72653432	2329572	0.312297
12	rs11062161	2329970	0.00355701
12	rs10774034	2330458	0.0050372
12	rs12228890	2330997	0.617452
12	rs3922316	2331144	0.01501
12	rs2190771	2331192	0.0147278
12	rs10848642	2331572	0.016894
12	rs11062162	2332104	0.00569689
12	rs2239028	2332210	0.614955
12	rs4765904	2332393	0.0178174
12	rs1108222	2332856	0.0121787
12	rs1108074	2333484	0.0205124
12	rs1108073	2333638	0.0050401
12	rs11062164	2333652	0.626064
12	rs1108075	2333671	0.0124822
12	rs11062165	2333848	0.389364
12	rs11062166	2334260	0.0116547
12	rs7312354	2334444	0.400785
12	rs2239030	2335941	0.00848998
12	rs2239031	2336169	0.699364
12	rs11613885	2337370	0.339946
12	rs2283291	2337460	0.00894195
12	rs2239033	2337746	0.008331
12	rs3794297	2338396	0.00738369
12	rs68089646	2338756	0.051734
12	rs6489353	2338858	0.0351649
12	rs34382810	2340798	0.000421456
12	rs7303977	2342248	0.676578
12	rs7135319	2342417	0.898616
12	rs769087	2344644	0.0015273
12	rs2007044	2344960	0.000142073
12	rs1006737	2345295	0.00149507
12	rs2159100	2346393	0.00148679
12	rs2239034	2347694	0.585223
12	rs2239035	2349081	0.579777
12	rs2239036	2349141	0.555799
12	rs7975467	2350263	0.37714
12	rs882194	2350452	0.00136541
12	rs882193	2350620	0.105338
12	rs2370413	2354870	0.0103861
12	rs7297582	2355806	0.00155377
12	rs758170	2361460	0.00355065
12	rs2239037	2363716	0.0184795
12	rs4765911	2365904	0.00548401
12	rs2370414	2368396	0.00139458
12	rs10774035	2368674	0.00317705
12	rs2239038	2374130	0.00151071
12	rs111438652	2381863	0.874896
12	rs2238057	2384005	0.00160635
12	rs10774036	2386948	0.00340088
12	rs10744560	2387099	0.00378201
12	rs1024582	2402246	0.00646355
12	rs4298967	2408194	0.00985099
12	rs1860002	2413803	0.0162413
12	rs10848645	2420244	0.776497
12	rs4765914	2420377	0.332672
12	rs10774037	2420526	0.359999
15	rs8029440	91409514	0.000121519
15	rs3759929	91410009	0.00852353
15	rs4932178	91411656	0.00011982
15	rs17514846	91416550	8.50539e-06
15	rs59596774	91418237	0.015817
15	rs8027450	91418394	0.000173116
15	rs60994696	91418723	0.0176071
15	rs1573643	91420973	0.000513871
15	rs1573644	91421283	0.0016384
15	rs8039305	91422543	4.14854e-06
15	rs6224	91423543	4.89402e-06
15	rs75493298	91423825	0.0140406
15	rs6227	91425232	0.000126952
15	rs4702	91426560	1.01316e-06
15	rs79865852	91426816	0.0141872
15	rs2071382	91428197	4.17749e-06
15	rs11539637	91428290	3.80052e-06
15	rs7183988	91428589	3.7043e-06
15	rs7177338	91428636	3.98177e-06
15	rs1894400	91428955	0.000120366
19	rs8106931	18506666	0.73315
19	rs2888142	18510767	4.00791e-11
19	rs3859570	18510925	3.71932e-18
19	rs11086108	18511224	3.63547e-11
19	rs11086109	18511230	5.46719e-14
19	rs11671540	18512157	2.84097e-11
19	rs1002640	18512575	3.1478e-11
19	rs1560117	18512932	1.21984e-13
19	rs8112969	18513417	8.14448e-12
19	rs1985157	18513594	6.72605e-18
19	rs11668719	18515741	1.61323e-13
19	rs13382142	18516196	0.000705349
19	rs10421074	18516210	6.77238e-10
19	rs12971295	18517331	7.81986e-10
19	rs13344313	18517767	1.28188e-09
19	rs4808800	18517958	0.000302431
19	rs9749546	18518216	1.24462e-09
19	rs10424080	18518778	5.91747e-09
19	rs35336015	18519226	3.18034e-14
19	rs11086110	18520231	2.41488e-15
19	rs34509804	18520865	2.23788e-24
19	rs79355165	18522031	2.17161e-07
19	rs7255936	18522061	1.67302e-15
19	rs10402247	18522805	6.17256e-15
19	rs8100343	18523096	1.67173e-15
19	rs34213500	18524488	1.77186e-15
19	rs8111824	18525104	2.2381e-15
19	rs77488050	18525298	1.39759e-07
19	rs12982295	18525879	1.67445e-15
19	rs8102195	18527110	1.52035e-07
19	rs7257932	18527257	1.65044e-26
19	rs75581575	18528247	1.20599e-07
19	rs79557920	18528362	1.51712e-07
19	rs28375303	18530161	1.42189e-26
19	rs7258465	18533642	1.11923e-28
19	rs28534973	18535607	2.63399e-16
19	rs10405636	18538742	2.71231e-27
19	rs34746918	18539744	1.74173e-28
19	rs888669	18540644	2.59596e-16
19	rs11673604	18540988	4.63859e-27
19	rs35742476	18541785	9.52108e-16
19	rs10408290	18542701	2.032e-28
19	rs10409003	18543054	2.23201e-28
19	rs3810429	18543270	3.11099e-27
19	rs10442	18545341	1.73957e-27
19	rs2385088	18545540	2.77418e-28
19	rs2303697	18546678	5.14453e-27
19	rs10413237	18548249	4.22597e-27
19	rs2303696	18548884	5.67267e-25
19	rs10427083	18550276	3.99218e-27
19	rs74701207	18551039	5.5377e-06
19	rs28572537	18552208	1.92425e-28
19	rs1043327	18554972	1.59025e-27
19	rs113465793	18556417	7.838e-09
19	rs34053595	18556749	1.13617e-27
19	rs2303692	18557657	7.5925e-16
19	rs2303693	18557673	1.70907e-08
19	rs8111708	18558876	1.88274e-28
19	rs34171762	18559410	4.32363e-27
19	rs748609	18560282	1.045e-24
19	rs2303694	18562438	1.2121e-08
19	rs2303695	18562624	6.62897e-29
19	rs79257623	18563714	1.20628e-08
19	rs10405479	18563880	7.75515e-29
19	rs8103520	18563970	1.23563e-08
19	rs8107367	18564705	9.21048e-29
19	rs8107743	18565039	2.47462e-27
19	rs8103660	18566395	6.65993e-28
19	rs78061871	18566637	6.21487e-06
19	rs1806980	18566804	2.21943e-27
19	rs731945	18567039	8.77682e-07
19	rs76184771	18567189	1.09022e-08
19	rs2007981	18567555	5.27149e-29
19	rs10423802	18567901	1.46164e-16
19	rs10164323	18569492	2.08442e-27
19	rs10164319	18569833	6.01515e-29
19	rs79888481	18569957	1.26941e-08
19	rs1560118	18570035	1.0309e-28
19	rs11879757	18570632	8.80294e-16
19	rs4808801	18571141	6.64068e-29
19	rs75445489	18571150	1.36374e-08
19	rs8103622	18572834	8.78631e-29
19	rs1560119	18573675	2.75496e-27
19	rs111682204	18574235	1.36035e-08
19	rs7246788	18575450	4.79475e-16
19	19:18576484	18576484	5.52791e-27
19	rs74497531	18578178	1.34811e-08
19	rs35004712	18578897	1.29281e-16
19	rs77571703	18578984	1.73741e-08
19	rs75245298	18581227	1.35524e-08
19	rs78855479	18581916	1.50949e-08
19	rs7247540	18584478	1.1053e-16
19	rs4808803	18584781	1.03148e-15
19	rs4808804	18585325	6.37885e-25
19	rs75681761	18585329	1.40873e-08
19	rs4808805	18585410	1.18932e-16
19	rs11672385	18586759	7.44519e-16
19	rs7256534	18586791	2.18365e-27
19	rs8111397	18589045	4.67465e-15
19	rs7254249	18591745	6.24734e-27
19	rs8105994	18593553	4.77247e-29
19	rs8102717	18593726	3.90947e-15
19	rs4808807	18594836	3.20086e-15
19	rs8107222	18595089	9.47124e-09
19	rs11668704	18595635	4.45579e-15
19	rs79341622	18598213	1.38356e-08
19	rs7251067	18600056	1.5814e-08
19	rs4808808	18600182	4.67939e-15
19	rs10416993	18600455	1.36939e-16
19	rs10403249	18604942	5.30518e-27
19	rs10411009	18606266	2.52472e-26
19	rs78036311	18606369	8.08001e-08
19	rs34256197	18606472	1.29621e-26
19	rs74389203	18606656	7.95726e-08
19	rs11670392	18607780	9.27063e-16
19	rs7249020	18608147	3.99233e-26
19	rs7251653	18608283	2.53722e-26
19	rs4808133	18608518	3.26236e-26
19	rs4808134	18608579	3.25082e-26
19	rs7256530	18609090	8.72995e-17
19	rs875396	18611147	8.92389e-27
19	rs7249760	18611545	2.43247e-15
19	rs10409346	18611821	2.6823e-15
19	rs10409408	18611895	4.86253e-15
19	rs7252707	18612257	9.31207e-28
19	rs8107347	18612748	8.47489e-26
19	rs8107351	18612758	6.23167e-26
19	rs8101992	18614423	1.52713e-07
19	rs7251640	18614935	4.38634e-11
19	rs10410797	18615662	6.61665e-17
19	rs1469412	18616399	7.55287e-16
19	rs1469413	18616524	3.20307e-15
19	rs8109573	18617151	2.60704e-26
19	rs6512269	18618225	9.91893e-17
19	rs6512270	18618580	1.24126e-16
19	rs4808136	18618867	4.31069e-26
19	rs7246328	18619057	8.42711e-08
19	rs4580317	18619737	1.472e-15
19	rs10418331	18621670	2.28694e-15
19	rs77543386	18622193	4.53169e-07
19	rs4808812	18622443	5.34361e-15
19	rs6512271	18622699	2.31287e-15
19	rs8112859	18622839	6.4717e-16
19	rs8112372	18623132	2.3708e-15
19	rs271629	18623198	1.18227e-26
19	rs271628	18624333	4.6195e-27
19	rs8106332	18624479	2.61311e-15
19	rs8106068	18624964	1.32756e-16
19	rs57923655	18625151	2.36943e-15
19	rs271626	18627067	3.98047e-27
19	rs271624	18627953	2.18269e-24
19	rs8104247	18628205	1.87167e-15
19	rs271623	18628947	4.41235e-27
19	rs4006662	18629112	1.97565e-15
19	rs271622	18629277	4.43712e-27
19	rs4303657	18629597	7.67831e-17
19	rs76195	18629830	2.64878e-27
19	rs76194	18630580	3.77755e-27
19	rs271621	18631332	3.79127e-27
19	rs12983263	18631631	1.15729e-15
19	rs2238672	19335083	0.0268922
19	rs2238673	19335307	0.214797
19	rs2238674	19335751	0.000511702
19	rs2238675	19336608	0.406455
19	rs10406659	19339646	6.10781e-05
19	rs28508263	19340218	7.05151e-05
19	rs28409009	19340265	9.49223e-05
19	rs28446016	19340407	9.53535e-05
19	rs1859055	19341160	0.22781
19	rs11668734	19341341	0.000240894
19	rs11668677	19341446	0.000239628
19	rs10403859	19342911	0.00026559
19	rs75072017	19344059	0.000222845
19	rs34673002	19344525	0.000226184
19	rs11672216	19344579	0.000245075
19	rs10424369	19345356	0.000219052
19	rs2228600	19345802	0.000229762
19	rs28838696	19347301	8.93719e-05
19	rs28393849	19349917	5.1822e-05
19	rs28541794	19349971	5.63542e-05
19	19:19349980	19349980	0.716693
19	rs28628330	19350335	6.03081e-05
19	rs111067289	19350635	6.41682e-05
19	rs13345554	19351353	0.00019413
19	rs73922843	19351761	0.000227397
19	rs80306943	19351843	0.000322389
19	rs62135547	19351968	0.0808781
19	rs11671527	19352651	0.000231085
19	rs10413570	19352819	0.0126406
19	rs10418279	19353425	7.87828e-05
19	rs35583425	19353764	0.000294298
19	rs10402294	19354937	2.51786e-06
19	rs10408021	19355908	0.376569
19	rs10416080	19356992	0.0143259
19	rs111492783	19357612	4.76387e-05
19	rs112219496	19358086	2.95206e-05
19	rs111444407	19358207	2.51591e-05
19	rs7253952	19358332	8.83669e-08
19	rs4808931	19358672	2.2281e-07
19	rs4808932	19358819	5.83994e-05
19	rs8108777	19359058	6.05521e-05
19	rs1064395	19361735	4.34809e-05
19	rs10401714	19363630	6.15423e-05
19	rs10407933	19364319	5.5054e-05
19	rs56044734	19366927	0.000170947
19	rs2074295	19369435	3.71756e-05
19	rs4808934	19370917	6.93135e-05
19	rs7257875	19372150	6.54846e-05
19	rs2074296	19373689	2.44744e-08
19	rs8105094	19374061	0.00258483
19	rs8105984	19374068	0.00258469
19	rs10426780	19375883	1.44341e-08
19	rs58542926	19379549	0.0822624
19	rs72999063	19380596	0.000103794
19	rs2074299	19380646	1.08063e-08
19	rs2074300	19380996	0.00081502
19	rs2074301	19381715	0.000817714
19	rs2074303	19381755	1.02255e-08
19	rs10419245	19383755	6.25271e-09
19	rs735273	19385411	1.45607e-08
19	rs8103496	19386015	1.43303e-08
19	19:19386339	19386339	1.71065e-08
19	rs2017964	19387149	1.75022e-08
19	rs8101938	19390497	1.64271e-08
19	rs2301784	19390749	1.64061e-08
19	rs6511026	19391402	1.64951e-08
19	rs6511027	19391851	0.000129372
19	rs2269873	19392401	1.68321e-08
19	rs35431065	19393677	0.135631
19	rs10407952	19394396	3.71052e-08
19	rs6511028	19395967	2.54814e-08
19	rs7254748	19397479	2.50419e-08
19	rs10418051	19397789	0.000584243
19	rs4808937	19398005	2.54426e-08
19	rs4808938	19401218	2.54443e-08
19	rs10409234	19403410	2.54583e-08
19	rs2023882	19405405	2.91138e-08
19	rs2023883	19405480	0.00128748
19	rs12979148	19406869	0.0402504
19	rs11666553	19407171	0.00134623
19	rs10401969	19407718	0.0818383
19	rs4808939	19410480	4.69547e-08
19	rs4808193	19410622	2.03643e-08
19	rs4808941	19411136	2.07671e-08
19	rs2315022	19413381	2.30131e-08
19	rs2301786	19413947	2.42185e-08
19	rs1010207	19416045	2.85616e-08
19	rs2240117	19418916	0.0405063
19	rs739846	19419071	0.0851558
19	rs12983137	19419810	0.0013141
19	rs4808942	19420581	2.75114e-08
19	rs1859287	19422187	0.00134575
19	rs2285859	19422485	2.73377e-08
19	rs57962361	19425025	0.00408204
19	rs11668104	19426181	0.00372874
19	rs2315025	19426609	2.79312e-08
19	rs8108647	19427623	0.000917576
19	rs12976025	19429220	0.00134479
19	rs3934667	19431423	3.47657e-08
19	rs12460764	19431963	3.05811e-08
19	rs10402661	19432959	0.00128142
19	rs7246748	19433105	2.62278e-08
19	rs7254230	19434350	2.87271e-08
19	rs4808194	19435680	0.00122486
19	rs62135552	19436854	2.88604e-08
19	rs3764567	19440066	4.6594e-08
19	rs1009136	19440428	3.06231e-08
19	rs67720221	19440864	4.71823e-08
19	rs12985655	19442434	1.66037e-08
19	rs8103197	19443466	1.79683e-08
19	rs11085259	19445856	0.00116821
19	rs769267	19446936	2.01229e-08
19	rs757000	19448301	0.00112652
19	rs757001	19448808	0.00113927
19	rs2074090	19449686	1.42191e-08
19	rs2074091	19450080	1.30294e-08
19	rs2301668	19452249	0.00117793
19	rs2965191	19453521	1.71567e-08
19	rs2301669	19453560	1.6097e-08
19	rs2965193	19454828	2.43693e-08
19	rs58489806	19456917	0.154479
19	rs2905421	19457908	6.15215e-08
19	rs968525	19459215	0.00127057
19	rs10421505	19459554	0.000705262
19	rs12982276	19459800	0.000688104
19	rs11085261	19462606	0.0011633
19	rs9304960	19465529	0.00115627
19	rs2301671	19466269	0.00114673
19	rs2285626	19467545	0.00151475
19	rs2285627	19467937	4.23876e-08
19	rs15622	19468734	1.37785e-08
19	rs10403731	19469296	0.00120112
19	rs1985109	19469907	0.0001116
19	rs10419672	19471241	0.000455642
19	rs6511032	19471683	4.85183e-09
19	rs2905423	19471805	4.75258e-09
19	rs2965198	19473030	1.59853e-09
19	rs2905424	19473445	8.05556e-10
19	rs74182639	19474490	0.0703877
19	rs2965199	19475088	5.33314e-10
19	rs7258508	19475469	6.75293e-05
19	rs2965200	19476365	2.70558e-09
19	rs4808196	19476520	6.03992e-05
19	rs8101499	19476984	7.99948e-10
19	rs56255430	19477877	0.0464776
19	rs2905426	19478022	2.48186e-10
19	rs2905427	19478023	2.07566e-10
19	rs2074088	19478395	8.41499e-10
19	rs2315279	19479936	8.55836e-10
19	rs2315281	19480099	6.43646e-10
19	rs2315283	19480575	6.63341e-10
19	rs34538000	19481379	6.3008e-10
19	rs2965175	19481606	6.24875e-10
19	rs2905430	19482608	6.61922e-10
19	rs2905431	19482882	6.82566e-10
19	rs59148799	19484008	0.0005536
19	rs2905432	19484295	2.09204e-10
19	rs35418933	19487102	6.21929e-10
19	rs34277109	19487302	6.38196e-10
19	rs12973258	19488718	2.98083e-05
19	rs2965180	19491973	4.98916e-10
19	rs2905435	19495954	3.828e-10
19	rs60321073	19499598	3.20014e-05
19	rs10408875	19503573	0.000435379
19	rs17288409	19504167	7.32424e-05
19	rs10415849	19505087	0.00043465
19	rs56241616	19506092	0.000435512
19	rs10424702	19508013	0.000370225
19	rs111901094	19513570	0.000491865
19	rs188552254	19517169	0.000383458
19	rs4808950	19518889	3.09164e-05
19	rs2965189	19519518	5.82289e-10
19	rs2916069	19520358	4.02119e-10
19	rs2965188	19522557	4.44256e-10
19	rs2965185	19525792	1.29575e-08
19	rs2916073	19528324	4.08586e-10
19	rs1469713	19528806	4.39702e-10
19	rs1469712	19528821	4.67575e-10
19	rs2916074	19530270	3.32092e-10
19	rs11668386	19531910	0.000563739
19	rs11669516	19532682	4.62361e-05
19	rs8182472	19539891	0.000673826
19	rs4808199	19545099	2.89897e-05
19	rs2965183	19545696	3.5812e-10
19	rs2916076	19545990	3.7046e-10
19	rs34647936	19548239	6.21541e-05
19	rs2965182	19548246	3.81384e-10
19	rs79954596	19548643	0.000510346
19	rs12975119	19550464	3.85128e-10
19	rs4808955	19552413	5.92697e-10
19	rs4808200	19554803	7.0266e-10
19	rs10410664	19556651	5.16946e-10
19	rs60003758	19557353	7.19389e-05
19	rs10414830	19562332	5.77691e-10
19	rs12972397	19562349	7.63206e-05
19	rs7256149	19566255	5.54064e-10
19	rs4808957	19567248	5.83299e-10
19	rs12977524	19568244	3.21856e-05
19	rs4808202	19568439	5.48243e-10
19	rs4808203	19568659	7.00043e-10
19	rs7250658	19571100	3.7522e-05
19	rs4808959	19572108	1.86634e-09
19	rs28720066	19572220	0.000471169
19	rs9917108	19572785	5.06564e-10
19	rs2163805	19575945	3.42665e-05
19	rs2163804	19575965	3.34697e-05
19	rs1808653	19578072	4.97514e-10
19	rs2099334	19578450	5.00441e-10
19	rs73002956	19578743	0.049646
19	rs754255	19578890	7.19408e-05
19	rs10405625	19579046	5.21479e-10
19	rs6511036	19582651	3.18145e-05
19	rs73002960	19582992	0.00099137
19	rs1465695	19588546	8.34539e-05
19	rs10401193	19591066	8.43523e-05
19	rs10404728	19595014	7.67577e-05
19	rs10419912	19597055	6.47504e-10
19	rs2315610	19597240	5.11758e-10
19	rs751856	19602945	5.02331e-10
19	rs4808964	19603692	1.2267e-09
19	rs2288852	19605348	3.83839e-10
19	rs1865034	19605763	5.89433e-10
19	rs2099333	19605963	3.56503e-05
19	rs2082421	19606264	1.38002e-09
19	rs1047361	19606634	6.82138e-10
19	rs6511038	19607564	4.96065e-10
19	rs10402451	19608537	6.09617e-10
19	rs3794990	19610030	6.14288e-10
19	rs3794991	19610596	0.0304395
19	rs3794993	19611550	5.59145e-10
19	rs892022	19613381	1.24285e-09
19	rs892021	19613480	3.99774e-10
19	rs57009615	19613622	0.000365499
19	rs3752151	19616026	1.33657e-09
19	rs1063966	19616742	6.00117e-10
19	rs1054284	19616953	1.35219e-09
19	rs6626	19617655	5.25414e-10
19	rs10282	19619317	4.6512e-10
19	rs6909	19619542	5.89787e-10
19	rs56273306	19621004	0.000806233
19	rs10402627	19621038	4.86394e-10
19	rs113365218	19621197	0.000248881
19	rs7250893	19625547	3.05399e-10
19	rs7252888	19628037	3.07441e-05
19	rs4808965	19631655	5.43613e-10
19	rs4808967	19640524	6.83316e-10
19	rs56397647	19642795	0.000956672
19	rs10422819	19643028	4.08218e-10
19	rs2304098	19646272	5.75582e-10
19	rs4808208	19650096	5.13462e-10
19	rs12981405	19651577	5.56386e-05
19	rs8102502	19652746	0.000169116
19	rs10402308	19657500	0.000168487
19	rs73924805	19657590	0.000217911
19	rs7245983	19657632	3.66966e-09
19	rs16996148	19658472	0.0455917
19	rs17216525	19662220	0.0627818
19	rs892023	19663850	0.890423
19	rs17216588	19664077	0.0635391
19	rs34755166	19665581	0.0397471
