chr begin_pos stop_pos stat pval qval
1 88419705 88447359 -2.0414654894742 0.000599880023995201 0.00359928014397121
1 118139326 118223160 -1.87321139119417 0.0177964407118576 0.0475269651951963
1 120422965 120608422 2.73524305618462 0.001999600079984 0.00925901776166506
1 155074903 155277963 2.11805267272779 0.0021995600879824 0.00960624201690274
1 172316593 172368967 -1.42983212428813 0.0137972405518896 0.0406655511003063
1 177793843 177963103 -1.2801369093547 0.0001999600079984 0.00179094615859437
1 214148246 214208276 -3.55774144003999 0.000399920015996801 0.00277277877757782
1 240807824 240819040 -1.427198880827 0.00739852029594081 0.0243254379427145
2 621461 653581 -2.34739596007016 0.002999400119976 0.0116703931940885
2 25502769 25579280 2.61833556092914 0.00499900019996001 0.0179130840498567
2 60569512 60640807 2.64457507999535 0.002999400119976 0.0116703931940885
2 65221419 65386462 -2.21161391275519 0.0145970805838832 0.0426538069009575
2 121085135 121097024 1.56811028792643 0.0103979204159168 0.0328277201702517
2 121310704 121552943 1.4788834253962 0.0001999600079984 0.00179094615859437
2 145227050 145258445 1.85191714700042 0.0017996400719856 0.00867099307411245
3 71452836 71641696 2.68180259814494 0.000999800039992002 0.00552521074732422
3 141046859 141148231 -2.31933764880764 0.0001999600079984 0.00179094615859437
3 170589304 170761599 -1.60508428898235 0.0025994801039792 0.0109076223970892
3 185482618 185530290 -4.21936528818957 0.0001999600079984 0.00179094615859437
3 186638553 186682495 -2.5326189506849 0.00439912017596481 0.016307083410904
4 111110571 111120713 1.25164749514255 0.0155968806238752 0.0440611877624475
4 146661985 146735071 -1.36737027632109 0.010997800439912 0.034232590101698
5 44629545 44947273 5.47612288611687 0.00699860027994401 0.024269339680451
5 158147676 158261475 2.08750705169075 0.0021995600879824 0.00960624201690274
6 20530303 20736186 5.46336046592219 0.0001999600079984 0.00179094615859437
6 43756863 43766914 -2.47981214651305 0.000399920015996801 0.00277277877757782
6 130336553 130400442 2.26216779724124 0.0027994401119776 0.0115207727685232
6 152027955 152047753 2.57408398490666 0.00359928014397121 0.0137543919787471
7 13887008 13908845 3.46121752462616 0.0001999600079984 0.00179094615859437
7 28134163 28260867 -2.48260578129804 0.0001999600079984 0.00179094615859437
7 74039532 74360737 2.00747366841843 0.0011997600479904 0.00602736595538035
7 130423972 130468190 -4.40120970223464 0.0001999600079984 0.00179094615859437
7 130737982 130766797 -1.33015357440497 0.00979804039192162 0.0318801911259539
8 102474371 102487256 1.89382245865521 0.00419916016796641 0.0157652679990318
8 118185733 118240083 3.23606796797499 0.0001999600079984 0.00179094615859437
8 118869686 119016929 -1.6673294553629 0.0103979204159168 0.0328277201702517
8 128307064 128397484 -4.24358509705781 0.000599880023995201 0.00359928014397121
9 22017836 22133284 -3.47159954609342 0.0001999600079984 0.00179094615859437
9 81882606 81961322 1.73857096430283 0.0147970405918816 0.0426837709381201
9 110876874 110946380 -3.50053351007073 0.000399920015996801 0.00277277877757782
10 64205643 64266512 2.17302410564413 0.0001999600079984 0.00179094615859437
10 80825186 80986678 3.17734746236061 0.000399920015996801 0.00277277877757782
10 94044168 94159975 -2.17448201068912 0.0157968406318736 0.0440751355901659
10 114726843 114824224 36.9917953814212 0.0001999600079984 0.00179094615859437
10 123335866 123380393 -4.26635138685273 0.0011997600479904 0.00602736595538035
12 171836 202838 1.86193593215549 0.0125974805038992 0.0379626777347233
12 14399113 14421112 -2.91632722380869 0.000399920015996801 0.00277277877757782
12 28139733 28179701 -3.11075753991974 0.0025994801039792 0.0109076223970892
12 54387947 54443090 1.91469457193971 0.002999400119976 0.0116703931940885
12 115817094 115840055 4.79700197516117 0.0001999600079984 0.00179094615859437
13 31028052 31048169 1.96465327521389 0.00479904019196161 0.0174880278181652
13 51088809 51101698 1.32357592150892 0.0115976804639072 0.0355984358683819
13 79565016 79592262 -1.20622087549064 0.016996600679864 0.0464846789678209
13 91942808 91960286 1.87007881503257 0.000999800039992002 0.00552521074732422
14 103229010 103392839 -2.02478365781604 0.0177964407118576 0.0475269651951963
15 91441673 91576065 -2.103929387614 0.0001999600079984 0.00179094615859437
16 52538825 52653785 9.14240427634704 0.0001999600079984 0.00179094615859437
16 53797518 53850868 -5.81050339178532 0.0001999600079984 0.00179094615859437
17 17541750 18029857 1.8221213980787 0.00739852029594081 0.0243254379427145
17 72735996 72790563 -2.80062662547703 0.000599880023995201 0.00359928014397121
18 13232243 13280480 2.92661134384482 0.0001999600079984 0.00179094615859437
18 42366595 42387068 -1.92366145945829 0.0011997600479904 0.00602736595538035
18 42870303 42954892 1.66927442025466 0.00719856028794241 0.0243254379427145
18 45551909 45590277 1.55827511780854 0.0135972805438912 0.0406105445577551
18 57854144 57911330 -2.56016307430563 0.0001999600079984 0.00179094615859437
19 12987881 13119532 -3.9708025851717 0.0001999600079984 0.00179094615859437
19 19375883 19657590 2.76649149327038 0.0001999600079984 0.00179094615859437
19 47562509 47628042 -2.94705978724877 0.0001999600079984 0.00179094615859437
21 16311195 16424469 1.9241137769007 0.0015996800639872 0.00788679473407644
21 16563309 16574661 2.02864450419485 0.000799840031993601 0.00466573351996267
22 38472286 38614090 2.40990982593394 0.00659868026394721 0.0232576435532566
