chr begin_pos stop_pos stat pval qval
8 128338847 128391412 -5.50563251677268 0.000799840031993601 0.018129707391855
9 98217581 98319969 2.46841317602016 0.0013997200559888 0.0259584446747014
9 110879211 110940013 6.2125659818608 0.000599880023995201 0.0152969406118776
10 80832381 80907147 5.92996834169375 0.0001999600079984 0.00582740594738195
10 123337335 123358170 9.72180242426542 0.0001999600079984 0.00582740594738195
15 91404705 91431470 3.52216866897272 0.0013997200559888 0.0259584446747014
16 52522717 52601641 -10.5660939012303 0.0001999600079984 0.00582740594738195
16 80641906 80651180 6.26824892555122 0.0001999600079984 0.00582740594738195
19 18510925 18629830 3.90092817838244 0.0001999600079984 0.00582740594738195
21 16538239 16583092 -6.76729467113057 0.0001999600079984 0.00582740594738195
