chr begin_pos stop_pos stat pval qval
1 10486423 10652977 28.73962854848 0.000799840031993601 0.0115976804639072
1 204358996 204600719 -28.7544665302604 0.000799840031993601 0.0115976804639072
2 121232003 121248104 21.508768469412 0.000399920015996801 0.00811837632473505
2 202023160 202245244 -20.5717254741462 0.001999600079984 0.0202959408118376
3 141022610 141148158 22.7510042062045 0.0013997200559888 0.0157857317425404
4 106004342 106372588 -25.2221546029794 0.0001999600079984 0.00579884023195361
5 1265935 1300439 -63.9923654295242 0.0001999600079984 0.00579884023195361
5 55982679 56340390 -44.9114325236285 0.000799840031993601 0.0115976804639072
5 132368739 132459712 14.9152722790217 0.00479904019196161 0.0389682063587282
6 130334409 130438612 21.4220403785495 0.0001999600079984 0.00579884023195361
7 27488288 28263204 25.4249542504384 0.00599880023995201 0.0437055446053646
8 23411245 23552300 29.2897991756176 0.0015996800639872 0.0170913185783896
8 128323181 128550416 -102.260441063152 0.0001999600079984 0.00579884023195361
9 21950452 21999800 23.6615689830445 0.000599880023995201 0.0110705131700933
10 114668036 115174367 19.4820576833328 0.000999800039992002 0.0126849630073985
10 123329429 123358312 -107.935075979024 0.0001999600079984 0.00579884023195361
11 68910854 69015871 55.7992248676735 0.000399920015996801 0.00811837632473505
11 111336316 111791248 -17.1858666862223 0.00539892021595681 0.0407918416316737
11 113600415 113887345 19.7142766377822 0.000399920015996801 0.00811837632473505
12 115808127 115841905 -25.5416564605758 0.00359928014397121 0.0304439112177565
14 37084482 37151655 -35.6913001088377 0.0001999600079984 0.00579884023195361
14 68991941 69072878 33.0141990390117 0.0001999600079984 0.00579884023195361
16 52530763 52589548 -35.2900962857636 0.000999800039992002 0.0126849630073985
17 17511829 18043500 14.7442120161531 0.0023995200959808 0.0231953609278144
19 19330155 19802565 18.1401617028959 0.00359928014397121 0.0304439112177565
21 16511398 16579952 -17.6258600110653 0.0013997200559888 0.0157857317425404
22 19729091 19797211 15.9734608181935 0.0027994401119776 0.0258311973968843
22 43499032 43549374 -30.6286581479497 0.00519896020795841 0.0405918816236753
